100
815409 660996 847917 812700 78561 303408 431634 27993 554442 793737 311535 363006 181503 659190 32508 884940 383775 114681 789222 357588 251937 850626 355782 810894 718788 608622 771162 814506 807282 562569 1806 133644 319662 263676 42441 715176 566181 473172 743169 534576 681765 150801 897582 277221 224847 26187 258258 607719 139965 144480 61404 708855 91203 416283 31605 223944 438858 216720 453306 343140 778386 772065 793737 194145 131838 836178 5418 697116 723303 162540 328692 819021 631197 322371 192339 855141 665511 450597 876813 804573 9030 34314 25284 417186 767550 55986 640227 302505 271803 507486 59598 146286 375648 853335 657384 824439 785610 76755 618555 19866
660996 535824 687348 658800 63684 245952 349896 22692 449448 643428 252540 294264 147132 534360 26352 717360 311100 92964 639768 289872 204228 689544 288408 657336 582672 493368 625128 660264 654408 456036 1464 108336 259128 213744 34404 579744 458964 383568 602436 433344 552660 122244 727608 224724 182268 21228 209352 492636 113460 117120 49776 574620 73932 337452 25620 181536 355752 175680 367464 278160 630984 625860 643428 157380 106872 677832 4392 565104 586332 131760 266448 663924 511668 261324 155916 693204 539484 365268 710772 652212 7320 27816 20496 338184 622200 45384 518988 245220 220332 411384 48312 118584 304512 691740 532896 668316 636840 62220 501420 16104
847917 687348 881721 845100 81693 315504 448842 29109 576546 825381 323955 377478 188739 685470 33804 920220 399075 119253 820686 371844 261981 884538 369966 843222 747444 632886 801906 846978 839466 584997 1878 138972 332406 274188 44133 743688 588753 492036 772797 555888 708945 156813 933366 288273 233811 27231 268554 631947 145545 150240 63852 737115 94839 432879 32865 232872 456354 225360 471378 356820 809418 802845 825381 201885 137094 869514 5634 724908 752139 169020 341796 851673 656361 335223 200007 889233 692043 468561 911769 836649 9390 35682 26292 433818 798150 58218 665751 314565 282639 527718 61974 152118 390624 887355 683592 857307 816930 79815 643215 20658
812700 658800 845100 810000 78300 302400 430200 27900 552600 791100 310500 361800 180900 657000 32400 882000 382500 114300 786600 356400 251100 847800 354600 808200 716400 606600 768600 811800 804600 560700 1800 133200 318600 262800 42300 712800 564300 471600 740700 532800 679500 150300 894600 276300 224100 26100 257400 605700 139500 144000 61200 706500 90900 414900 31500 223200 437400 216000 451800 342000 775800 769500 791100 193500 131400 833400 5400 694800 720900 162000 327600 816300 629100 321300 191700 852300 663300 449100 873900 801900 9000 34200 25200 415800 765000 55800 638100 301500 270900 505800 59400 145800 374400 850500 655200 821700 783000 76500 616500 19800
78561 63684 81693 78300 7569 29232 41586 2697 53418 76473 30015 34974 17487 63510 3132 85260 36975 11049 76038 34452 24273 81954 34278 78126 69252 58638 74298 78474 77778 54201 174 12876 30798 25404 4089 68904 54549 45588 71601 51504 65685 14529 86478 26709 21663 2523 24882 58551 13485 13920 5916 68295 8787 40107 3045 21576 42282 20880 43674 33060 74994 74385 76473 18705 12702 80562 522 67164 69687 15660 31668 78909 60813 31059 18531 82389 64119 43413 84477 77517 870 3306 2436 40194 73950 5394 61683 29145 26187 48894 5742 14094 36192 82215 63336 79431 75690 7395 59595 1914
303408 245952 315504 302400 29232 112896 160608 10416 206304 295344 115920 135072 67536 245280 12096 329280 142800 42672 293664 133056 93744 316512 132384 301728 267456 226464 286944 303072 300384 209328 672 49728 118944 98112 15792 266112 210672 176064 276528 198912 253680 56112 333984 103152 83664 9744 96096 226128 52080 53760 22848 263760 33936 154896 11760 83328 163296 80640 168672 127680 289632 287280 295344 72240 49056 311136 2016 259392 269136 60480 122304 304752 234864 119952 71568 318192 247632 167664 326256 299376 3360 12768 9408 155232 285600 20832 238224 112560 101136 188832 22176 54432 139776 317520 244608 306768 292320 28560 230160 7392
431634 349896 448842 430200 41586 160608 228484 14818 293492 420162 164910 192156 96078 348940 17208 468440 203150 60706 417772 189288 133362 450276 188332 429244 380488 322172 408212 431156 427332 297794 956 70744 169212 139576 22466 378576 299706 250472 393394 282976 360890 79826 475132 146746 119022 13862 136708 321694 74090 76480 32504 375230 48278 220358 16730 118544 232308 114720 239956 181640 412036 408690 420162 102770 69788 442628 2868 369016 382878 86040 173992 433546 334122 170646 101814 452666 352286 238522 464138 425898 4780 18164 13384 220836 406300 29636 338902 160130 143878 268636 31548 77436 198848 451710 347984 436414 415860 40630 327430 10516
27993 22692 29109 27900 2697 10416 14818 961 19034 27249 10695 12462 6231 22630 1116 30380 13175 3937 27094 12276 8649 29202 12214 27838 24676 20894 26474 27962 27714 19313 62 4588 10974 9052 1457 24552 19437 16244 25513 18352 23405 5177 30814 9517 7719 899 8866 20863 4805 4960 2108 24335 3131 14291 1085 7688 15066 7440 15562 11780 26722 26505 27249 6665 4526 28706 186 23932 24831 5580 11284 28117 21669 11067 6603 29357 22847 15469 30101 27621 310 1178 868 14322 26350 1922 21979 10385 9331 17422 2046 5022 12896 29295 22568 28303 26970 2635 21235 682
554442 449448 576546 552600 53418 206304 293492 19034 376996 539706 211830 246828 123414 448220 22104 601720 260950 77978 536636 243144 171306 578388 241916 551372 488744 413836 524356 553828 548916 382522 1228 90872 217356 179288 28858 486288 384978 321736 505322 363488 463570 102538 610316 188498 152886 17806 175604 413222 95170 98240 41752 481990 62014 283054 21490 152272 298404 147360 308228 233320 529268 524970 539706 132010 89644 568564 3684 474008 491814 110520 223496 556898 429186 219198 130782 581458 452518 306386 596194 547074 6140 23332 17192 283668 521900 38068 435326 205690 184814 345068 40524 99468 255424 580230 446992 560582 534180 52190 420590 13508
793737 643428 825381 791100 76473 295344 420162 27249 539706 772641 303255 353358 176679 641670 31644 861420 373575 111633 768246 348084 245241 828018 346326 789342 699684 592446 750666 792858 785826 547617 1758 130092 311166 256668 41313 696168 551133 460596 723417 520368 663645 146793 873726 269853 218871 25491 251394 591567 136245 140640 59772 690015 88779 405219 30765 217992 427194 210960 441258 334020 757698 751545 772641 188985 128334 813954 5274 678588 704079 158220 319956 797253 614421 313803 187227 832413 647823 438621 853509 783189 8790 33402 24612 406098 747150 54498 623211 294465 264579 493998 58014 142398 365664 830655 639912 802527 764730 74715 602115 19338
311535 252540 323955 310500 30015 115920 164910 10695 211830 303255 119025 138690 69345 251850 12420 338100 146625 43815 301530 136620 96255 324990 135930 309810 274620 232530 294630 311190 308430 214935 690 51060 122130 100740 16215 273240 216315 180780 283935 204240 260475 57615 342930 105915 85905 10005 98670 232185 53475 55200 23460 270825 34845 159045 12075 85560 167670 82800 173190 131100 297390 294975 303255 74175 50370 319470 2070 266340 276345 62100 125580 312915 241155 123165 73485 326715 254265 172155 334995 307395 3450 13110 9660 159390 293250 21390 244605 115575 103845 193890 22770 55890 143520 326025 251160 314985 300150 29325 236325 7590
363006 294264 377478 361800 34974 135072 192156 12462 246828 353358 138690 161604 80802 293460 14472 393960 170850 51054 351348 159192 112158 378684 158388 360996 319992 270948 343308 362604 359388 250446 804 59496 142308 117384 18894 318384 252054 210648 330846 237984 303510 67134 399588 123414 100098 11658 114972 270546 62310 64320 27336 315570 40602 185322 14070 99696 195372 96480 201804 152760 346524 343710 353358 86430 58692 372252 2412 310344 322002 72360 146328 364614 280998 143514 85626 380694 296274 200598 390342 358182 4020 15276 11256 185724 341700 24924 285018 134670 121002 225924 26532 65124 167232 379890 292656 367026 349740 34170 275370 8844
181503 147132 188739 180900 17487 67536 96078 6231 123414 176679 69345 80802 40401 146730 7236 196980 85425 25527 175674 79596 56079 189342 79194 180498 159996 135474 171654 181302 179694 125223 402 29748 71154 58692 9447 159192 126027 105324 165423 118992 151755 33567 199794 61707 50049 5829 57486 135273 31155 32160 13668 157785 20301 92661 7035 49848 97686 48240 100902 76380 173262 171855 176679 43215 29346 186126 1206 155172 161001 36180 73164 182307 140499 71757 42813 190347 148137 100299 195171 179091 2010 7638 5628 92862 170850 12462 142509 67335 60501 112962 13266 32562 83616 189945 146328 183513 174870 17085 137685 4422
659190 534360 685470 657000 63510 245280 348940 22630 448220 641670 251850 293460 146730 532900 26280 715400 310250 92710 638020 289080 203670 687660 287620 655540 581080 492020 623420 658460 652620 454790 1460 108040 258420 213160 34310 578160 457710 382520 600790 432160 551150 121910 725620 224110 181770 21170 208780 491290 113150 116800 49640 573050 73730 336530 25550 181040 354780 175200 366460 277400 629260 624150 641670 156950 106580 675980 4380 563560 584730 131400 265720 662110 510270 260610 155490 691310 538010 364270 708830 650430 7300 27740 20440 337260 620500 45260 517570 244550 219730 410260 48180 118260 303680 689850 531440 666490 635100 62050 500050 16060
32508 26352 33804 32400 3132 12096 17208 1116 22104 31644 12420 14472 7236 26280 1296 35280 15300 4572 31464 14256 10044 33912 14184 32328 28656 24264 30744 32472 32184 22428 72 5328 12744 10512 1692 28512 22572 18864 29628 21312 27180 6012 35784 11052 8964 1044 10296 24228 5580 5760 2448 28260 3636 16596 1260 8928 17496 8640 18072 13680 31032 30780 31644 7740 5256 33336 216 27792 28836 6480 13104 32652 25164 12852 7668 34092 26532 17964 34956 32076 360 1368 1008 16632 30600 2232 25524 12060 10836 20232 2376 5832 14976 34020 26208 32868 31320 3060 24660 792
884940 717360 920220 882000 85260 329280 468440 30380 601720 861420 338100 393960 196980 715400 35280 960400 416500 124460 856520 388080 273420 923160 386120 880040 780080 660520 836920 883960 876120 610540 1960 145040 346920 286160 46060 776160 614460 513520 806540 580160 739900 163660 974120 300860 244020 28420 280280 659540 151900 156800 66640 769300 98980 451780 34300 243040 476280 235200 491960 372400 844760 837900 861420 210700 143080 907480 5880 756560 784980 176400 356720 888860 685020 349860 208740 928060 722260 489020 951580 873180 9800 37240 27440 452760 833000 60760 694820 328300 294980 550760 64680 158760 407680 926100 713440 894740 852600 83300 671300 21560
383775 311100 399075 382500 36975 142800 203150 13175 260950 373575 146625 170850 85425 310250 15300 416500 180625 53975 371450 168300 118575 400350 167450 381650 338300 286450 362950 383350 379950 264775 850 62900 150450 124100 19975 336600 266475 222700 349775 251600 320875 70975 422450 130475 105825 12325 121550 286025 65875 68000 28900 333625 42925 195925 14875 105400 206550 102000 213350 161500 366350 363375 373575 91375 62050 393550 2550 328100 340425 76500 154700 385475 297075 151725 90525 402475 313225 212075 412675 378675 4250 16150 11900 196350 361250 26350 301325 142375 127925 238850 28050 68850 176800 401625 309400 388025 369750 36125 291125 9350
114681 92964 119253 114300 11049 42672 60706 3937 77978 111633 43815 51054 25527 92710 4572 124460 53975 16129 110998 50292 35433 119634 50038 114046 101092 85598 108458 114554 113538 79121 254 18796 44958 37084 5969 100584 79629 66548 104521 75184 95885 21209 126238 38989 31623 3683 36322 85471 19685 20320 8636 99695 12827 58547 4445 31496 61722 30480 63754 48260 109474 108585 111633 27305 18542 117602 762 98044 101727 22860 46228 115189 88773 45339 27051 120269 93599 63373 123317 113157 1270 4826 3556 58674 107950 7874 90043 42545 38227 71374 8382 20574 52832 120015 92456 115951 110490 10795 86995 2794
789222 639768 820686 786600 76038 293664 417772 27094 536636 768246 301530 351348 175674 638020 31464 856520 371450 110998 763876 346104 243846 823308 344356 784852 695704 589076 746396 788348 781356 544502 1748 129352 309396 255208 41078 692208 547998 457976 719302 517408 659870 145958 868756 268318 217626 25346 249964 588202 135470 139840 59432 686090 88274 402914 30590 216752 424764 209760 438748 332120 753388 747270 768246 187910 127604 809324 5244 674728 700074 157320 318136 792718 610926 312018 186162 827678 644138 436126 848654 778734 8740 33212 24472 403788 742900 54188 619666 292790 263074 491188 57684 141588 363584 825930 636272 797962 760380 74290 598690 19228
357588 289872 371844 356400 34452 133056 189288 12276 243144 348084 136620 159192 79596 289080 14256 388080 168300 50292 346104 156816 110484 373032 156024 355608 315216 266904 338184 357192 354024 246708 792 58608 140184 115632 18612 313632 248292 207504 325908 234432 298980 66132 393624 121572 98604 11484 113256 266508 61380 63360 26928 310860 39996 182556 13860 98208 192456 95040 198792 150480 341352 338580 348084 85140 57816 366696 2376 305712 317196 71280 144144 359172 276804 141372 84348 375012 291852 197604 384516 352836 3960 15048 11088 182952 336600 24552 280764 132660 119196 222552 26136 64152 164736 374220 288288 361548 344520 33660 271260 8712
251937 204228 261981 251100 24273 93744 133362 8649 171306 245241 96255 112158 56079 203670 10044 273420 118575 35433 243846 110484 77841 262818 109926 250542 222084 188046 238266 251658 249426 173817 558 41292 98766 81468 13113 220968 174933 146196 229617 165168 210645 46593 277326 85653 69471 8091 79794 187767 43245 44640 18972 219015 28179 128619 9765 69192 135594 66960 140058 106020 240498 238545 245241 59985 40734 258354 1674 215388 223479 50220 101556 253053 195021 99603 59427 264213 205623 139221 270909 248589 2790 10602 7812 128898 237150 17298 197811 93465 83979 156798 18414 45198 116064 263655 203112 254727 242730 23715 191115 6138
850626 689544 884538 847800 81954 316512 450276 29202 578388 828018 324990 378684 189342 687660 33912 923160 400350 119634 823308 373032 262818 887364 371148 845916 749832 634908 804468 849684 842148 586866 1884 139416 333468 275064 44274 746064 590634 493608 775266 557664 711210 157314 936348 289194 234558 27318 269412 633966 146010 150720 64056 739470 95142 434262 32970 233616 457812 226080 472884 357960 812004 805410 828018 202530 137532 872292 5652 727224 754542 169560 342888 854394 658458 336294 200646 892074 694254 470058 914682 839322 9420 35796 26376 435204 800700 58404 667878 315570 283542 529404 62172 152604 391872 890190 685776 860046 819540 80070 645270 20724
355782 288408 369966 354600 34278 132384 188332 12214 241916 346326 135930 158388 79194 287620 14184 386120 167450 50038 344356 156024 109926 371148 155236 353812 313624 265556 336476 355388 352236 245462 788 58312 139476 115048 18518 312048 247038 206456 324262 233248 297470 65798 391636 120958 98106 11426 112684 265162 61070 63040 26792 309290 39794 181634 13790 97712 191484 94560 197788 149720 339628 336870 346326 84710 57524 364844 2364 304168 315594 70920 143416 357358 275406 140658 83922 373118 290378 196606 382574 351054 3940 14972 11032 182028 334900 24428 279346 131990 118594 221428 26004 63828 163904 372330 286832 359722 342780 33490 269890 8668
810894 657336 843222 808200 78126 301728 429244 27838 551372 789342 309810 360996 180498 655540 32328 880040 381650 114046 784852 355608 250542 845916 353812 806404 714808 605252 766892 809996 802812 559454 1796 132904 317892 262216 42206 711216 563046 470552 739054 531616 677990 149966 892612 275686 223602 26042 256828 604354 139190 143680 61064 704930 90698 413978 31430 222704 436428 215520 450796 341240 774076 767790 789342 193070 131108 831548 5388 693256 719298 161640 326872 814486 627702 320586 191274 850406 661826 448102 871958 800118 8980 34124 25144 414876 763300 55676 636682 300830 270298 504676 59268 145476 373568 848610 653744 819874 781260 76330 615130 19756
718788 582672 747444 716400 69252 267456 380488 24676 488744 699684 274620 319992 159996 581080 28656 780080 338300 101092 695704 315216 222084 749832 313624 714808 633616 536504 679784 717992 711624 495908 1592 117808 281784 232432 37412 630432 499092 417104 655108 471232 600980 132932 791224 244372 198204 23084 227656 535708 123380 127360 54128 624860 80396 366956 27860 197408 386856 191040 399592 302480 686152 680580 699684 171140 116216 737096 4776 614512 637596 143280 289744 721972 556404 284172 169548 753812 586652 397204 772916 709236 7960 30248 22288 367752 676600 49352 564364 266660 239596 447352 52536 128952 331136 752220 579488 726748 692520 67660 545260 17512
608622 493368 632886 606600 58638 226464 322172 20894 413836 592446 232530 270948 135474 492020 24264 660520 286450 85598 589076 266904 188046 634908 265556 605252 536504 454276 575596 607948 602556 419902 1348 99752 238596 196808 31678 533808 422598 353176 554702 399008 508870 112558 669956 206918 167826 19546 192764 453602 104470 107840 45832 529090 68074 310714 23590 167152 327564 161760 338348 256120 580988 576270 592446 144910 98404 624124 4044 520328 539874 121320 245336 611318 471126 240618 143562 638278 496738 336326 654454 600534 6740 25612 18872 311388 572900 41788 477866 225790 202874 378788 44484 109188 280384 636930 490672 615362 586380 57290 461690 14828
771162 625128 801906 768600 74298 286944 408212 26474 524356 750666 294630 343308 171654 623420 30744 836920 362950 108458 746396 338184 238266 804468 336476 766892 679784 575596 729316 770308 763476 532042 1708 126392 302316 249368 40138 676368 535458 447496 702842 505568 644770 142618 848876 262178 212646 24766 244244 574742 132370 136640 58072 670390 86254 393694 29890 211792 415044 204960 428708 324520 736148 730170 750666 183610 124684 790804 5124 659288 684054 153720 310856 774578 596946 304878 181902 808738 629398 426146 829234 760914 8540 32452 23912 394548 725900 52948 605486 286090 257054 479948 56364 138348 355264 807030 621712 779702 742980 72590 584990 18788
814506 660264 846978 811800 78474 303072 431156 27962 553828 792858 311190 362604 181302 658460 32472 883960 383350 114554 788348 357192 251658 849684 355388 809996 717992 607948 770308 813604 806388 561946 1804 133496 319308 263384 42394 714384 565554 472648 742346 533984 681010 150634 896588 276914 224598 26158 257972 607046 139810 144320 61336 708070 91102 415822 31570 223696 438372 216480 452804 342760 777524 771210 792858 193930 131692 835252 5412 696344 722502 162360 328328 818114 630498 322014 192126 854194 664774 450098 875842 803682 9020 34276 25256 416724 766700 55924 639518 302170 271502 506924 59532 146124 375232 852390 656656 823526 784740 76670 617870 19844
807282 654408 839466 804600 77778 300384 427332 27714 548916 785826 308430 359388 179694 652620 32184 876120 379950 113538 781356 354024 249426 842148 352236 802812 711624 602556 763476 806388 799236 556962 1788 132312 316476 261048 42018 708048 560538 468456 735762 529248 674970 149298 888636 274458 222606 25926 255684 601662 138570 143040 60792 701790 90294 412134 31290 221712 434484 214560 448788 339720 770628 764370 785826 192210 130524 827844 5364 690168 716094 160920 325416 810858 624906 319158 190422 846618 658878 446106 868074 796554 8940 33972 25032 413028 759900 55428 633846 299490 269094 502428 59004 144828 371904 844830 650832 816222 777780 75990 612390 19668
562569 456036 584997 560700 54201 209328 297794 19313 382522 547617 214935 250446 125223 454790 22428 610540 264775 79121 544502 246708 173817 586866 245462 559454 495908 419902 532042 561946 556962 388129 1246 92204 220542 181916 29281 493416 390621 326452 512729 368816 470365 104041 619262 191261 155127 18067 178178 419279 96565 99680 42364 489055 62923 287203 21805 154504 302778 149520 312746 236740 537026 532665 547617 133945 90958 576898 3738 480956 499023 112140 226772 565061 435477 222411 132699 589981 459151 310877 604933 555093 6230 23674 17444 287826 529550 38626 441707 208705 187523 350126 41118 100926 259168 588735 453544 568799 542010 52955 426755 13706
1806 1464 1878 1800 174 672 956 62 1228 1758 690 804 402 1460 72 1960 850 254 1748 792 558 1884 788 1796 1592 1348 1708 1804 1788 1246 4 296 708 584 94 1584 1254 1048 1646 1184 1510 334 1988 614 498 58 572 1346 310 320 136 1570 202 922 70 496 972 480 1004 760 1724 1710 1758 430 292 1852 12 1544 1602 360 728 1814 1398 714 426 1894 1474 998 1942 1782 20 76 56 924 1700 124 1418 670 602 1124 132 324 832 1890 1456 1826 1740 170 1370 44
133644 108336 138972 133200 12876 49728 70744 4588 90872 130092 51060 59496 29748 108040 5328 145040 62900 18796 129352 58608 41292 139416 58312 132904 117808 99752 126392 133496 132312 92204 296 21904 52392 43216 6956 117216 92796 77552 121804 87616 111740 24716 147112 45436 36852 4292 42328 99604 22940 23680 10064 116180 14948 68228 5180 36704 71928 35520 74296 56240 127576 126540 130092 31820 21608 137048 888 114256 118548 26640 53872 134236 103452 52836 31524 140156 109076 73852 143708 131868 1480 5624 4144 68376 125800 9176 104932 49580 44548 83176 9768 23976 61568 139860 107744 135124 128760 12580 101380 3256
319662 259128 332406 318600 30798 118944 169212 10974 217356 311166 122130 142308 71154 258420 12744 346920 150450 44958 309396 140184 98766 333468 139476 317892 281784 238596 302316 319308 316476 220542 708 52392 125316 103368 16638 280368 221958 185496 291342 209568 267270 59118 351876 108678 88146 10266 101244 238242 54870 56640 24072 277890 35754 163194 12390 87792 172044 84960 177708 134520 305148 302670 311166 76110 51684 327804 2124 273288 283554 63720 128856 321078 247446 126378 75402 335238 260898 176646 343734 315414 3540 13452 9912 163548 300900 21948 250986 118590 106554 198948 23364 57348 147264 334530 257712 323202 307980 30090 242490 7788
263676 213744 274188 262800 25404 98112 139576 9052 179288 256668 100740 117384 58692 213160 10512 286160 124100 37084 255208 115632 81468 275064 115048 262216 232432 196808 249368 263384 261048 181916 584 43216 103368 85264 13724 231264 183084 153008 240316 172864 220460 48764 290248 89644 72708 8468 83512 196516 45260 46720 19856 229220 29492 134612 10220 72416 141912 70080 146584 110960 251704 249660 256668 62780 42632 270392 1752 225424 233892 52560 106288 264844 204108 104244 62196 276524 215204 145708 283532 260172 2920 11096 8176 134904 248200 18104 207028 97820 87892 164104 19272 47304 121472 275940 212576 266596 254040 24820 200020 6424
42441 34404 44133 42300 4089 15792 22466 1457 28858 41313 16215 18894 9447 34310 1692 46060 19975 5969 41078 18612 13113 44274 18518 42206 37412 31678 40138 42394 42018 29281 94 6956 16638 13724 2209 37224 29469 24628 38681 27824 35485 7849 46718 14429 11703 1363 13442 31631 7285 7520 3196 36895 4747 21667 1645 11656 22842 11280 23594 17860 40514 40185 41313 10105 6862 43522 282 36284 37647 8460 17108 42629 32853 16779 10011 44509 34639 23453 45637 41877 470 1786 1316 21714 39950 2914 33323 15745 14147 26414 3102 7614 19552 44415 34216 42911 40890 3995 32195 1034
715176 579744 743688 712800 68904 266112 378576 24552 486288 696168 273240 318384 159192 578160 28512 776160 336600 100584 692208 313632 220968 746064 312048 711216 630432 533808 676368 714384 708048 493416 1584 117216 280368 231264 37224 627264 496584 415008 651816 468864 597960 132264 787248 243144 197208 22968 226512 533016 122760 126720 53856 621720 79992 365112 27720 196416 384912 190080 397584 300960 682704 677160 696168 170280 115632 733392 4752 611424 634392 142560 288288 718344 553608 282744 168696 750024 583704 395208 769032 705672 7920 30096 22176 365904 673200 49104 561528 265320 238392 445104 52272 128304 329472 748440 576576 723096 689040 67320 542520 17424
566181 458964 588753 564300 54549 210672 299706 19437 384978 551133 216315 252054 126027 457710 22572 614460 266475 79629 547998 248292 174933 590634 247038 563046 499092 422598 535458 565554 560538 390621 1254 92796 221958 183084 29469 496584 393129 328548 516021 371184 473385 104709 623238 192489 156123 18183 179322 421971 97185 100320 42636 492195 63327 289047 21945 155496 304722 150480 314754 238260 540474 536085 551133 134805 91542 580602 3762 484044 502227 112860 228228 568689 438273 223839 133551 593769 462099 312873 608817 558657 6270 23826 17556 289674 532950 38874 444543 210045 188727 352374 41382 101574 260832 592515 456456 572451 545490 53295 429495 13794
473172 383568 492036 471600 45588 176064 250472 16244 321736 460596 180780 210648 105324 382520 18864 513520 222700 66548 457976 207504 146196 493608 206456 470552 417104 353176 447496 472648 468456 326452 1048 77552 185496 153008 24628 415008 328548 274576 431252 310208 395620 87508 520856 160868 130476 15196 149864 352652 81220 83840 35632 411340 52924 241564 18340 129952 254664 125760 263048 199120 451688 448020 460596 112660 76504 485224 3144 404528 419724 94320 190736 475268 366276 187068 111612 496228 386188 261476 508804 466884 5240 19912 14672 242088 445400 32488 371516 175540 157724 294488 34584 84888 217984 495180 381472 478412 455880 44540 358940 11528
743169 602436 772797 740700 71601 276528 393394 25513 505322 723417 283935 330846 165423 600790 29628 806540 349775 104521 719302 325908 229617 775266 324262 739054 655108 554702 702842 742346 735762 512729 1646 121804 291342 240316 38681 651816 516021 431252 677329 487216 621365 137441 818062 252661 204927 23867 235378 553879 127565 131680 55964 646055 83123 379403 28805 204104 399978 197520 413146 312740 709426 703665 723417 176945 120158 762098 4938 635356 659223 148140 299572 746461 575277 293811 175299 779381 606551 410677 799133 733293 8230 31274 23044 380226 699550 51026 583507 275705 247723 462526 54318 133326 342368 777735 599144 751399 716010 69955 563755 18106
534576 433344 555888 532800 51504 198912 282976 18352 363488 520368 204240 237984 118992 432160 21312 580160 251600 75184 517408 234432 165168 557664 233248 531616 471232 399008 505568 533984 529248 368816 1184 87616 209568 172864 27824 468864 371184 310208 487216 350464 446960 98864 588448 181744 147408 17168 169312 398416 91760 94720 40256 464720 59792 272912 20720 146816 287712 142080 297184 224960 510304 506160 520368 127280 86432 548192 3552 457024 474192 106560 215488 536944 413808 211344 126096 560624 436304 295408 574832 527472 5920 22496 16576 273504 503200 36704 419728 198320 178192 332704 39072 95904 246272 559440 430976 540496 515040 50320 405520 13024
681765 552660 708945 679500 65685 253680 360890 23405 463570 663645 260475 303510 151755 551150 27180 739900 320875 95885 659870 298980 210645 711210 297470 677990 600980 508870 644770 681010 674970 470365 1510 111740 267270 220460 35485 597960 473385 395620 621365 446960 570025 126085 750470 231785 187995 21895 215930 508115 117025 120800 51340 592675 76255 348055 26425 187240 366930 181200 379010 286900 650810 645525 663645 162325 110230 699130 4530 582860 604755 135900 274820 684785 527745 269535 160815 714985 556435 376745 733105 672705 7550 28690 21140 348810 641750 46810 535295 252925 227255 424310 49830 122310 314080 713475 549640 689315 656850 64175 517175 16610
150801 122244 156813 150300 14529 56112 79826 5177 102538 146793 57615 67134 33567 121910 6012 163660 70975 21209 145958 66132 46593 157314 65798 149966 132932 112558 142618 150634 149298 104041 334 24716 59118 48764 7849 132264 104709 87508 137441 98864 126085 27889 165998 51269 41583 4843 47762 112391 25885 26720 11356 131095 16867 76987 5845 41416 81162 40080 83834 63460 143954 142785 146793 35905 24382 154642 1002 128924 133767 30060 60788 151469 116733 59619 35571 158149 123079 83333 162157 148797 1670 6346 4676 77154 141950 10354 118403 55945 50267 93854 11022 27054 69472 157815 121576 152471 145290 14195 114395 3674
897582 727608 933366 894600 86478 333984 475132 30814 610316 873726 342930 399588 199794 725620 35784 974120 422450 126238 868756 393624 277326 936348 391636 892612 791224 669956 848876 896588 888636 619262 1988 147112 351876 290248 46718 787248 623238 520856 818062 588448 750470 165998 988036 305158 247506 28826 284284 668962 154070 159040 67592 780290 100394 458234 34790 246512 483084 238560 498988 377720 856828 849870 873726 213710 145124 920444 5964 767368 796194 178920 361816 901558 694806 354858 211722 941318 732578 496006 965174 885654 9940 37772 27832 459228 844900 61628 704746 332990 299194 558628 65604 161028 413504 939330 723632 907522 864780 84490 680890 21868
277221 224724 288273 276300 26709 103152 146746 9517 188498 269853 105915 123414 61707 224110 11052 300860 130475 38989 268318 121572 85653 289194 120958 275686 244372 206918 262178 276914 274458 191261 614 45436 108678 89644 14429 243144 192489 160868 252661 181744 231785 51269 305158 94249 76443 8903 87802 206611 47585 49120 20876 240995 31007 141527 10745 76136 149202 73680 154114 116660 264634 262485 269853 66005 44822 284282 1842 237004 245907 55260 111748 278449 214593 109599 65391 290729 226259 153193 298097 273537 3070 11666 8596 141834 260950 19034 217663 102845 92407 172534 20262 49734 127712 290115 223496 280291 267090 26095 210295 6754
224847 182268 233811 224100 21663 83664 119022 7719 152886 218871 85905 100098 50049 181770 8964 244020 105825 31623 217626 98604 69471 234558 98106 223602 198204 167826 212646 224598 222606 155127 498 36852 88146 72708 11703 197208 156123 130476 204927 147408 187995 41583 247506 76443 62001 7221 71214 167577 38595 39840 16932 195465 25149 114789 8715 61752 121014 59760 124998 94620 214638 212895 218871 53535 36354 230574 1494 192228 199449 44820 90636 225843 174051 88893 53037 235803 183513 124251 241779 221859 2490 9462 6972 115038 211650 15438 176541 83415 74949 139938 16434 40338 103584 235305 181272 227337 216630 21165 170565 5478
26187 21228 27231 26100 2523 9744 13862 899 17806 25491 10005 11658 5829 21170 1044 28420 12325 3683 25346 11484 8091 27318 11426 26042 23084 19546 24766 26158 25926 18067 58 4292 10266 8468 1363 22968 18183 15196 23867 17168 21895 4843 28826 8903 7221 841 8294 19517 4495 4640 1972 22765 2929 13369 1015 7192 14094 6960 14558 11020 24998 24795 25491 6235 4234 26854 174 22388 23229 5220 10556 26303 20271 10353 6177 27463 21373 14471 28159 25839 290 1102 812 13398 24650 1798 20561 9715 8729 16298 1914 4698 12064 27405 21112 26477 25230 2465 19865 638
258258 209352 268554 257400 24882 96096 136708 8866 175604 251394 98670 114972 57486 208780 10296 280280 121550 36322 249964 113256 79794 269412 112684 256828 227656 192764 244244 257972 255684 178178 572 42328 101244 83512 13442 226512 179322 149864 235378 169312 215930 47762 284284 87802 71214 8294 81796 192478 44330 45760 19448 224510 28886 131846 10010 70928 138996 68640 143572 108680 246532 244530 251394 61490 41756 264836 1716 220792 229086 51480 104104 259402 199914 102102 60918 270842 210782 142714 277706 254826 2860 10868 8008 132132 243100 17732 202774 95810 86086 160732 18876 46332 118976 270270 208208 261118 248820 24310 195910 6292
607719 492636 631947 605700 58551 226128 321694 20863 413222 591567 232185 270546 135273 491290 24228 659540 286025 85471 588202 266508 187767 633966 265162 604354 535708 453602 574742 607046 601662 419279 1346 99604 238242 196516 31631 533016 421971 352652 553879 398416 508115 112391 668962 206611 167577 19517 192478 452929 104315 107680 45764 528305 67973 310253 23555 166904 327078 161520 337846 255740 580126 575415 591567 144695 98258 623198 4038 519556 539073 121140 244972 610411 470427 240261 143349 637331 496001 335827 653483 599643 6730 25574 18844 310926 572050 41726 477157 225455 202573 378226 44418 109026 279968 635985 489944 614449 585510 57205 461005 14806
139965 113460 145545 139500 13485 52080 74090 4805 95170 136245 53475 62310 31155 113150 5580 151900 65875 19685 135470 61380 43245 146010 61070 139190 123380 104470 132370 139810 138570 96565 310 22940 54870 45260 7285 122760 97185 81220 127565 91760 117025 25885 154070 47585 38595 4495 44330 104315 24025 24800 10540 121675 15655 71455 5425 38440 75330 37200 77810 58900 133610 132525 136245 33325 22630 143530 930 119660 124155 27900 56420 140585 108345 55335 33015 146785 114235 77345 150505 138105 1550 5890 4340 71610 131750 9610 109895 51925 46655 87110 10230 25110 64480 146475 112840 141515 134850 13175 106175 3410
144480 117120 150240 144000 13920 53760 76480 4960 98240 140640 55200 64320 32160 116800 5760 156800 68000 20320 139840 63360 44640 150720 63040 143680 127360 107840 136640 144320 143040 99680 320 23680 56640 46720 7520 126720 100320 83840 131680 94720 120800 26720 159040 49120 39840 4640 45760 107680 24800 25600 10880 125600 16160 73760 5600 39680 77760 38400 80320 60800 137920 136800 140640 34400 23360 148160 960 123520 128160 28800 58240 145120 111840 57120 34080 151520 117920 79840 155360 142560 1600 6080 4480 73920 136000 9920 113440 53600 48160 89920 10560 25920 66560 151200 116480 146080 139200 13600 109600 3520
61404 49776 63852 61200 5916 22848 32504 2108 41752 59772 23460 27336 13668 49640 2448 66640 28900 8636 59432 26928 18972 64056 26792 61064 54128 45832 58072 61336 60792 42364 136 10064 24072 19856 3196 53856 42636 35632 55964 40256 51340 11356 67592 20876 16932 1972 19448 45764 10540 10880 4624 53380 6868 31348 2380 16864 33048 16320 34136 25840 58616 58140 59772 14620 9928 62968 408 52496 54468 12240 24752 61676 47532 24276 14484 64396 50116 33932 66028 60588 680 2584 1904 31416 57800 4216 48212 22780 20468 38216 4488 11016 28288 64260 49504 62084 59160 5780 46580 1496
708855 574620 737115 706500 68295 263760 375230 24335 481990 690015 270825 315570 157785 573050 28260 769300 333625 99695 686090 310860 219015 739470 309290 704930 624860 529090 670390 708070 701790 489055 1570 116180 277890 229220 36895 621720 492195 411340 646055 464720 592675 131095 780290 240995 195465 22765 224510 528305 121675 125600 53380 616225 79285 361885 27475 194680 381510 188400 394070 298300 676670 671175 690015 168775 114610 726910 4710 606020 628785 141300 285740 711995 548715 280245 167205 743395 578545 391715 762235 699435 7850 29830 21980 362670 667250 48670 556565 262975 236285 441170 51810 127170 326560 741825 571480 716705 682950 66725 537725 17270
91203 73932 94839 90900 8787 33936 48278 3131 62014 88779 34845 40602 20301 73730 3636 98980 42925 12827 88274 39996 28179 95142 39794 90698 80396 68074 86254 91102 90294 62923 202 14948 35754 29492 4747 79992 63327 52924 83123 59792 76255 16867 100394 31007 25149 2929 28886 67973 15655 16160 6868 79285 10201 46561 3535 25048 49086 24240 50702 38380 87062 86355 88779 21715 14746 93526 606 77972 80901 18180 36764 91607 70599 36057 21513 95647 74437 50399 98071 89991 1010 3838 2828 46662 85850 6262 71609 33835 30401 56762 6666 16362 42016 95445 73528 92213 87870 8585 69185 2222
416283 337452 432879 414900 40107 154896 220358 14291 283054 405219 159045 185322 92661 336530 16596 451780 195925 58547 402914 182556 128619 434262 181634 413978 366956 310714 393694 415822 412134 287203 922 68228 163194 134612 21667 365112 289047 241564 379403 272912 348055 76987 458234 141527 114789 13369 131846 310253 71455 73760 31348 361885 46561 212521 16135 114328 224046 110640 231422 175180 397382 394155 405219 99115 67306 426886 2766 355892 369261 82980 167804 418127 322239 164577 98193 436567 339757 230039 447631 410751 4610 17518 12908 212982 391850 28582 326849 154435 138761 259082 30426 74682 191776 435645 335608 420893 401070 39185 315785 10142
31605 25620 32865 31500 3045 11760 16730 1085 21490 30765 12075 14070 7035 25550 1260 34300 14875 4445 30590 13860 9765 32970 13790 31430 27860 23590 29890 31570 31290 21805 70 5180 12390 10220 1645 27720 21945 18340 28805 20720 26425 5845 34790 10745 8715 1015 10010 23555 5425 5600 2380 27475 3535 16135 1225 8680 17010 8400 17570 13300 30170 29925 30765 7525 5110 32410 210 27020 28035 6300 12740 31745 24465 12495 7455 33145 25795 17465 33985 31185 350 1330 980 16170 29750 2170 24815 11725 10535 19670 2310 5670 14560 33075 25480 31955 30450 2975 23975 770
223944 181536 232872 223200 21576 83328 118544 7688 152272 217992 85560 99696 49848 181040 8928 243040 105400 31496 216752 98208 69192 233616 97712 222704 197408 167152 211792 223696 221712 154504 496 36704 87792 72416 11656 196416 155496 129952 204104 146816 187240 41416 246512 76136 61752 7192 70928 166904 38440 39680 16864 194680 25048 114328 8680 61504 120528 59520 124496 94240 213776 212040 217992 53320 36208 229648 1488 191456 198648 44640 90272 224936 173352 88536 52824 234856 182776 123752 240808 220968 2480 9424 6944 114576 210800 15376 175832 83080 74648 139376 16368 40176 103168 234360 180544 226424 215760 21080 169880 5456
438858 355752 456354 437400 42282 163296 232308 15066 298404 427194 167670 195372 97686 354780 17496 476280 206550 61722 424764 192456 135594 457812 191484 436428 386856 327564 415044 438372 434484 302778 972 71928 172044 141912 22842 384912 304722 254664 399978 287712 366930 81162 483084 149202 121014 14094 138996 327078 75330 77760 33048 381510 49086 224046 17010 120528 236196 116640 243972 184680 418932 415530 427194 104490 70956 450036 2916 375192 389286 87480 176904 440802 339714 173502 103518 460242 358182 242514 471906 433026 4860 18468 13608 224532 413100 30132 344574 162810 146286 273132 32076 78732 202176 459270 353808 443718 422820 41310 332910 10692
216720 175680 225360 216000 20880 80640 114720 7440 147360 210960 82800 96480 48240 175200 8640 235200 102000 30480 209760 95040 66960 226080 94560 215520 191040 161760 204960 216480 214560 149520 480 35520 84960 70080 11280 190080 150480 125760 197520 142080 181200 40080 238560 73680 59760 6960 68640 161520 37200 38400 16320 188400 24240 110640 8400 59520 116640 57600 120480 91200 206880 205200 210960 51600 35040 222240 1440 185280 192240 43200 87360 217680 167760 85680 51120 227280 176880 119760 233040 213840 2400 9120 6720 110880 204000 14880 170160 80400 72240 134880 15840 38880 99840 226800 174720 219120 208800 20400 164400 5280
453306 367464 471378 451800 43674 168672 239956 15562 308228 441258 173190 201804 100902 366460 18072 491960 213350 63754 438748 198792 140058 472884 197788 450796 399592 338348 428708 452804 448788 312746 1004 74296 177708 146584 23594 397584 314754 263048 413146 297184 379010 83834 498988 154114 124998 14558 143572 337846 77810 80320 34136 394070 50702 231422 17570 124496 243972 120480 252004 190760 432724 429210 441258 107930 73292 464852 3012 387544 402102 90360 182728 455314 350898 179214 106926 475394 369974 250498 487442 447282 5020 19076 14056 231924 426700 31124 355918 168170 151102 282124 33132 81324 208832 474390 365456 458326 436740 42670 343870 11044
343140 278160 356820 342000 33060 127680 181640 11780 233320 334020 131100 152760 76380 277400 13680 372400 161500 48260 332120 150480 106020 357960 149720 341240 302480 256120 324520 342760 339720 236740 760 56240 134520 110960 17860 300960 238260 199120 312740 224960 286900 63460 377720 116660 94620 11020 108680 255740 58900 60800 25840 298300 38380 175180 13300 94240 184680 91200 190760 144400 327560 324900 334020 81700 55480 351880 2280 293360 304380 68400 138320 344660 265620 135660 80940 359860 280060 189620 368980 338580 3800 14440 10640 175560 323000 23560 269420 127300 114380 213560 25080 61560 158080 359100 276640 346940 330600 32300 260300 8360
778386 630984 809418 775800 74994 289632 412036 26722 529268 757698 297390 346524 173262 629260 31032 844760 366350 109474 753388 341352 240498 812004 339628 774076 686152 580988 736148 777524 770628 537026 1724 127576 305148 251704 40514 682704 540474 451688 709426 510304 650810 143954 856828 264634 214638 24998 246532 580126 133610 137920 58616 676670 87062 397382 30170 213776 418932 206880 432724 327560 743044 737010 757698 185330 125852 798212 5172 665464 690462 155160 313768 781834 602538 307734 183606 816314 635294 430138 837002 768042 8620 32756 24136 398244 732700 53444 611158 288770 259462 484444 56892 139644 358592 814590 627536 787006 749940 73270 590470 18964
772065 625860 802845 769500 74385 287280 408690 26505 524970 751545 294975 343710 171855 624150 30780 837900 363375 108585 747270 338580 238545 805410 336870 767790 680580 576270 730170 771210 764370 532665 1710 126540 302670 249660 40185 677160 536085 448020 703665 506160 645525 142785 849870 262485 212895 24795 244530 575415 132525 136800 58140 671175 86355 394155 29925 212040 415530 205200 429210 324900 737010 731025 751545 183825 124830 791730 5130 660060 684855 153900 311220 775485 597645 305235 182115 809685 630135 426645 830205 761805 8550 32490 23940 395010 726750 53010 606195 286425 257355 480510 56430 138510 355680 807975 622440 780615 743850 72675 585675 18810
793737 643428 825381 791100 76473 295344 420162 27249 539706 772641 303255 353358 176679 641670 31644 861420 373575 111633 768246 348084 245241 828018 346326 789342 699684 592446 750666 792858 785826 547617 1758 130092 311166 256668 41313 696168 551133 460596 723417 520368 663645 146793 873726 269853 218871 25491 251394 591567 136245 140640 59772 690015 88779 405219 30765 217992 427194 210960 441258 334020 757698 751545 772641 188985 128334 813954 5274 678588 704079 158220 319956 797253 614421 313803 187227 832413 647823 438621 853509 783189 8790 33402 24612 406098 747150 54498 623211 294465 264579 493998 58014 142398 365664 830655 639912 802527 764730 74715 602115 19338
194145 157380 201885 193500 18705 72240 102770 6665 132010 188985 74175 86430 43215 156950 7740 210700 91375 27305 187910 85140 59985 202530 84710 193070 171140 144910 183610 193930 192210 133945 430 31820 76110 62780 10105 170280 134805 112660 176945 127280 162325 35905 213710 66005 53535 6235 61490 144695 33325 34400 14620 168775 21715 99115 7525 53320 104490 51600 107930 81700 185330 183825 188985 46225 31390 199090 1290 165980 172215 38700 78260 195005 150285 76755 45795 203605 158455 107285 208765 191565 2150 8170 6020 99330 182750 13330 152435 72025 64715 120830 14190 34830 89440 203175 156520 196295 187050 18275 147275 4730
131838 106872 137094 131400 12702 49056 69788 4526 89644 128334 50370 58692 29346 106580 5256 143080 62050 18542 127604 57816 40734 137532 57524 131108 116216 98404 124684 131692 130524 90958 292 21608 51684 42632 6862 115632 91542 76504 120158 86432 110230 24382 145124 44822 36354 4234 41756 98258 22630 23360 9928 114610 14746 67306 5110 36208 70956 35040 73292 55480 125852 124830 128334 31390 21316 135196 876 112712 116946 26280 53144 132422 102054 52122 31098 138262 107602 72854 141766 130086 1460 5548 4088 67452 124100 9052 103514 48910 43946 82052 9636 23652 60736 137970 106288 133298 127020 12410 100010 3212
836178 677832 869514 833400 80562 311136 442628 28706 568564 813954 319470 372252 186126 675980 33336 907480 393550 117602 809324 366696 258354 872292 364844 831548 737096 624124 790804 835252 827844 576898 1852 137048 327804 270392 43522 733392 580602 485224 762098 548192 699130 154642 920444 284282 230574 26854 264836 623198 143530 148160 62968 726910 93526 426886 32410 229648 450036 222240 464852 351880 798212 791730 813954 199090 135196 857476 5556 714872 741726 166680 337064 839882 647274 330582 197238 876922 682462 462074 899146 825066 9260 35188 25928 427812 787100 57412 656534 310210 278726 520412 61116 150012 385216 875070 674128 845438 805620 78710 634310 20372
5418 4392 5634 5400 522 2016 2868 186 3684 5274 2070 2412 1206 4380 216 5880 2550 762 5244 2376 1674 5652 2364 5388 4776 4044 5124 5412 5364 3738 12 888 2124 1752 282 4752 3762 3144 4938 3552 4530 1002 5964 1842 1494 174 1716 4038 930 960 408 4710 606 2766 210 1488 2916 1440 3012 2280 5172 5130 5274 1290 876 5556 36 4632 4806 1080 2184 5442 4194 2142 1278 5682 4422 2994 5826 5346 60 228 168 2772 5100 372 4254 2010 1806 3372 396 972 2496 5670 4368 5478 5220 510 4110 132
697116 565104 724908 694800 67164 259392 369016 23932 474008 678588 266340 310344 155172 563560 27792 756560 328100 98044 674728 305712 215388 727224 304168 693256 614512 520328 659288 696344 690168 480956 1544 114256 273288 225424 36284 611424 484044 404528 635356 457024 582860 128924 767368 237004 192228 22388 220792 519556 119660 123520 52496 606020 77972 355892 27020 191456 375192 185280 387544 293360 665464 660060 678588 165980 112712 714872 4632 595984 618372 138960 281008 700204 539628 275604 164436 731084 568964 385228 749612 687852 7720 29336 21616 356664 656200 47864 547348 258620 232372 433864 50952 125064 321152 729540 562016 704836 671640 65620 528820 16984
723303 586332 752139 720900 69687 269136 382878 24831 491814 704079 276345 322002 161001 584730 28836 784980 340425 101727 700074 317196 223479 754542 315594 719298 637596 539874 684054 722502 716094 499023 1602 118548 283554 233892 37647 634392 502227 419724 659223 474192 604755 133767 796194 245907 199449 23229 229086 539073 124155 128160 54468 628785 80901 369261 28035 198648 389286 192240 402102 304380 690462 684855 704079 172215 116946 741726 4806 618372 641601 144180 291564 726507 559899 285957 170613 758547 590337 399699 777771 713691 8010 30438 22428 370062 680850 49662 567909 268335 241101 450162 52866 129762 333216 756945 583128 731313 696870 68085 548685 17622
162540 131760 169020 162000 15660 60480 86040 5580 110520 158220 62100 72360 36180 131400 6480 176400 76500 22860 157320 71280 50220 169560 70920 161640 143280 121320 153720 162360 160920 112140 360 26640 63720 52560 8460 142560 112860 94320 148140 106560 135900 30060 178920 55260 44820 5220 51480 121140 27900 28800 12240 141300 18180 82980 6300 44640 87480 43200 90360 68400 155160 153900 158220 38700 26280 166680 1080 138960 144180 32400 65520 163260 125820 64260 38340 170460 132660 89820 174780 160380 1800 6840 5040 83160 153000 11160 127620 60300 54180 101160 11880 29160 74880 170100 131040 164340 156600 15300 123300 3960
328692 266448 341796 327600 31668 122304 173992 11284 223496 319956 125580 146328 73164 265720 13104 356720 154700 46228 318136 144144 101556 342888 143416 326872 289744 245336 310856 328328 325416 226772 728 53872 128856 106288 17108 288288 228228 190736 299572 215488 274820 60788 361816 111748 90636 10556 104104 244972 56420 58240 24752 285740 36764 167804 12740 90272 176904 87360 182728 138320 313768 311220 319956 78260 53144 337064 2184 281008 291564 65520 132496 330148 254436 129948 77532 344708 268268 181636 353444 324324 3640 13832 10192 168168 309400 22568 258076 121940 109564 204568 24024 58968 151424 343980 264992 332332 316680 30940 249340 8008
819021 663924 851673 816300 78909 304752 433546 28117 556898 797253 312915 364614 182307 662110 32652 888860 385475 115189 792718 359172 253053 854394 357358 814486 721972 611318 774578 818114 810858 565061 1814 134236 321078 264844 42629 718344 568689 475268 746461 536944 684785 151469 901558 278449 225843 26303 259402 610411 140585 145120 61676 711995 91607 418127 31745 224936 440802 217680 455314 344660 781834 775485 797253 195005 132422 839882 5442 700204 726507 163260 330148 822649 633993 323799 193191 858929 668459 452593 880697 808137 9070 34466 25396 419034 770950 56234 643063 303845 273007 509734 59862 146934 377312 857115 660296 828091 789090 77095 621295 19954
631197 511668 656361 629100 60813 234864 334122 21669 429186 614421 241155 280998 140499 510270 25164 685020 297075 88773 610926 276804 195021 658458 275406 627702 556404 471126 596946 630498 624906 435477 1398 103452 247446 204108 32853 553608 438273 366276 575277 413808 527745 116733 694806 214593 174051 20271 199914 470427 108345 111840 47532 548715 70599 322239 24465 173352 339714 167760 350898 265620 602538 597645 614421 150285 102054 647274 4194 539628 559899 125820 254436 633993 488601 249543 148887 661953 515163 348801 678729 622809 6990 26562 19572 322938 594150 43338 495591 234165 210399 392838 46134 113238 290784 660555 508872 638187 608130 59415 478815 15378
322371 261324 335223 321300 31059 119952 170646 11067 219198 313803 123165 143514 71757 260610 12852 349860 151725 45339 312018 141372 99603 336294 140658 320586 284172 240618 304878 322014 319158 222411 714 52836 126378 104244 16779 282744 223839 187068 293811 211344 269535 59619 354858 109599 88893 10353 102102 240261 55335 57120 24276 280245 36057 164577 12495 88536 173502 85680 179214 135660 307734 305235 313803 76755 52122 330582 2142 275604 285957 64260 129948 323799 249543 127449 76041 338079 263109 178143 346647 318087 3570 13566 9996 164934 303450 22134 253113 119595 107457 200634 23562 57834 148512 337365 259896 325941 310590 30345 244545 7854
192339 155916 200007 191700 18531 71568 101814 6603 130782 187227 73485 85626 42813 155490 7668 208740 90525 27051 186162 84348 59427 200646 83922 191274 169548 143562 181902 192126 190422 132699 426 31524 75402 62196 10011 168696 133551 111612 175299 126096 160815 35571 211722 65391 53037 6177 60918 143349 33015 34080 14484 167205 21513 98193 7455 52824 103518 51120 106926 80940 183606 182115 187227 45795 31098 197238 1278 164436 170613 38340 77532 193191 148887 76041 45369 201711 156981 106287 206823 189783 2130 8094 5964 98406 181050 13206 151017 71355 64113 119706 14058 34506 88608 201285 155064 194469 185310 18105 145905 4686
855141 693204 889233 852300 82389 318192 452666 29357 581458 832413 326715 380694 190347 691310 34092 928060 402475 120269 827678 375012 264213 892074 373118 850406 753812 638278 808738 854194 846618 589981 1894 140156 335238 276524 44509 750024 593769 496228 779381 560624 714985 158149 941318 290729 235803 27463 270842 637331 146785 151520 64396 743395 95647 436567 33145 234856 460242 227280 475394 359860 816314 809685 832413 203605 138262 876922 5682 731084 758547 170460 344708 858929 661953 338079 201711 896809 697939 472553 919537 843777 9470 35986 26516 437514 804950 58714 671423 317245 285047 532214 62502 153414 393952 894915 689416 864611 823890 80495 648695 20834
665511 539484 692043 663300 64119 247632 352286 22847 452518 647823 254265 296274 148137 538010 26532 722260 313225 93599 644138 291852 205623 694254 290378 661826 586652 496738 629398 664774 658878 459151 1474 109076 260898 215204 34639 583704 462099 386188 606551 436304 556435 123079 732578 226259 183513 21373 210782 496001 114235 117920 50116 578545 74437 339757 25795 182776 358182 176880 369974 280060 635294 630135 647823 158455 107602 682462 4422 568964 590337 132660 268268 668459 515163 263109 156981 697939 543169 367763 715627 656667 7370 28006 20636 340494 626450 45694 522533 246895 221837 414194 48642 119394 306592 696465 536536 672881 641190 62645 504845 16214
450597 365268 468561 449100 43413 167664 238522 15469 306386 438621 172155 200598 100299 364270 17964 489020 212075 63373 436126 197604 139221 470058 196606 448102 397204 336326 426146 450098 446106 310877 998 73852 176646 145708 23453 395208 312873 261476 410677 295408 376745 83333 496006 153193 124251 14471 142714 335827 77345 79840 33932 391715 50399 230039 17465 123752 242514 119760 250498 189620 430138 426645 438621 107285 72854 462074 2994 385228 399699 89820 181636 452593 348801 178143 106287 472553 367763 249001 484529 444609 4990 18962 13972 230538 424150 30938 353791 167165 150199 280438 32934 80838 207584 471555 363272 455587 434130 42415 341815 10978
876813 710772 911769 873900 84477 326256 464138 30101 596194 853509 334995 390342 195171 708830 34956 951580 412675 123317 848654 384516 270909 914682 382574 871958 772916 654454 829234 875842 868074 604933 1942 143708 343734 283532 45637 769032 608817 508804 799133 574832 733105 162157 965174 298097 241779 28159 277706 653483 150505 155360 66028 762235 98071 447631 33985 240808 471906 233040 487442 368980 837002 830205 853509 208765 141766 899146 5826 749612 777771 174780 353444 880697 678729 346647 206823 919537 715627 484529 942841 865161 9710 36898 27188 448602 825350 60202 688439 325285 292271 545702 64086 157302 403936 917595 706888 886523 844770 82535 665135 21362
804573 652212 836649 801900 77517 299376 425898 27621 547074 783189 307395 358182 179091 650430 32076 873180 378675 113157 778734 352836 248589 839322 351054 800118 709236 600534 760914 803682 796554 555093 1782 131868 315414 260172 41877 705672 558657 466884 733293 527472 672705 148797 885654 273537 221859 25839 254826 599643 138105 142560 60588 699435 89991 410751 31185 220968 433026 213840 447282 338580 768042 761805 783189 191565 130086 825066 5346 687852 713691 160380 324324 808137 622809 318087 189783 843777 656667 444609 865161 793881 8910 33858 24948 411642 757350 55242 631719 298485 268191 500742 58806 144342 370656 841995 648648 813483 775170 75735 610335 19602
9030 7320 9390 9000 870 3360 4780 310 6140 8790 3450 4020 2010 7300 360 9800 4250 1270 8740 3960 2790 9420 3940 8980 7960 6740 8540 9020 8940 6230 20 1480 3540 2920 470 7920 6270 5240 8230 5920 7550 1670 9940 3070 2490 290 2860 6730 1550 1600 680 7850 1010 4610 350 2480 4860 2400 5020 3800 8620 8550 8790 2150 1460 9260 60 7720 8010 1800 3640 9070 6990 3570 2130 9470 7370 4990 9710 8910 100 380 280 4620 8500 620 7090 3350 3010 5620 660 1620 4160 9450 7280 9130 8700 850 6850 220
34314 27816 35682 34200 3306 12768 18164 1178 23332 33402 13110 15276 7638 27740 1368 37240 16150 4826 33212 15048 10602 35796 14972 34124 30248 25612 32452 34276 33972 23674 76 5624 13452 11096 1786 30096 23826 19912 31274 22496 28690 6346 37772 11666 9462 1102 10868 25574 5890 6080 2584 29830 3838 17518 1330 9424 18468 9120 19076 14440 32756 32490 33402 8170 5548 35188 228 29336 30438 6840 13832 34466 26562 13566 8094 35986 28006 18962 36898 33858 380 1444 1064 17556 32300 2356 26942 12730 11438 21356 2508 6156 15808 35910 27664 34694 33060 3230 26030 836
25284 20496 26292 25200 2436 9408 13384 868 17192 24612 9660 11256 5628 20440 1008 27440 11900 3556 24472 11088 7812 26376 11032 25144 22288 18872 23912 25256 25032 17444 56 4144 9912 8176 1316 22176 17556 14672 23044 16576 21140 4676 27832 8596 6972 812 8008 18844 4340 4480 1904 21980 2828 12908 980 6944 13608 6720 14056 10640 24136 23940 24612 6020 4088 25928 168 21616 22428 5040 10192 25396 19572 9996 5964 26516 20636 13972 27188 24948 280 1064 784 12936 23800 1736 19852 9380 8428 15736 1848 4536 11648 26460 20384 25564 24360 2380 19180 616
417186 338184 433818 415800 40194 155232 220836 14322 283668 406098 159390 185724 92862 337260 16632 452760 196350 58674 403788 182952 128898 435204 182028 414876 367752 311388 394548 416724 413028 287826 924 68376 163548 134904 21714 365904 289674 242088 380226 273504 348810 77154 459228 141834 115038 13398 132132 310926 71610 73920 31416 362670 46662 212982 16170 114576 224532 110880 231924 175560 398244 395010 406098 99330 67452 427812 2772 356664 370062 83160 168168 419034 322938 164934 98406 437514 340494 230538 448602 411642 4620 17556 12936 213444 392700 28644 327558 154770 139062 259644 30492 74844 192192 436590 336336 421806 401940 39270 316470 10164
767550 622200 798150 765000 73950 285600 406300 26350 521900 747150 293250 341700 170850 620500 30600 833000 361250 107950 742900 336600 237150 800700 334900 763300 676600 572900 725900 766700 759900 529550 1700 125800 300900 248200 39950 673200 532950 445400 699550 503200 641750 141950 844900 260950 211650 24650 243100 572050 131750 136000 57800 667250 85850 391850 29750 210800 413100 204000 426700 323000 732700 726750 747150 182750 124100 787100 5100 656200 680850 153000 309400 770950 594150 303450 181050 804950 626450 424150 825350 757350 8500 32300 23800 392700 722500 52700 602650 284750 255850 477700 56100 137700 353600 803250 618800 776050 739500 72250 582250 18700
55986 45384 58218 55800 5394 20832 29636 1922 38068 54498 21390 24924 12462 45260 2232 60760 26350 7874 54188 24552 17298 58404 24428 55676 49352 41788 52948 55924 55428 38626 124 9176 21948 18104 2914 49104 38874 32488 51026 36704 46810 10354 61628 19034 15438 1798 17732 41726 9610 9920 4216 48670 6262 28582 2170 15376 30132 14880 31124 23560 53444 53010 54498 13330 9052 57412 372 47864 49662 11160 22568 56234 43338 22134 13206 58714 45694 30938 60202 55242 620 2356 1736 28644 52700 3844 43958 20770 18662 34844 4092 10044 25792 58590 45136 56606 53940 5270 42470 1364
640227 518988 665751 638100 61683 238224 338902 21979 435326 623211 244605 285018 142509 517570 25524 694820 301325 90043 619666 280764 197811 667878 279346 636682 564364 477866 605486 639518 633846 441707 1418 104932 250986 207028 33323 561528 444543 371516 583507 419728 535295 118403 704746 217663 176541 20561 202774 477157 109895 113440 48212 556565 71609 326849 24815 175832 344574 170160 355918 269420 611158 606195 623211 152435 103514 656534 4254 547348 567909 127620 258076 643063 495591 253113 151017 671423 522533 353791 688439 631719 7090 26942 19852 327558 602650 43958 502681 237515 213409 398458 46794 114858 294944 670005 516152 647317 616830 60265 485665 15598
302505 245220 314565 301500 29145 112560 160130 10385 205690 294465 115575 134670 67335 244550 12060 328300 142375 42545 292790 132660 93465 315570 131990 300830 266660 225790 286090 302170 299490 208705 670 49580 118590 97820 15745 265320 210045 175540 275705 198320 252925 55945 332990 102845 83415 9715 95810 225455 51925 53600 22780 262975 33835 154435 11725 83080 162810 80400 168170 127300 288770 286425 294465 72025 48910 310210 2010 258620 268335 60300 121940 303845 234165 119595 71355 317245 246895 167165 325285 298485 3350 12730 9380 154770 284750 20770 237515 112225 100835 188270 22110 54270 139360 316575 243880 305855 291450 28475 229475 7370
271803 220332 282639 270900 26187 101136 143878 9331 184814 264579 103845 121002 60501 219730 10836 294980 127925 38227 263074 119196 83979 283542 118594 270298 239596 202874 257054 271502 269094 187523 602 44548 106554 87892 14147 238392 188727 157724 247723 178192 227255 50267 299194 92407 74949 8729 86086 202573 46655 48160 20468 236285 30401 138761 10535 74648 146286 72240 151102 114380 259462 257355 264579 64715 43946 278726 1806 232372 241101 54180 109564 273007 210399 107457 64113 285047 221837 150199 292271 268191 3010 11438 8428 139062 255850 18662 213409 100835 90601 169162 19866 48762 125216 284445 219128 274813 261870 25585 206185 6622
507486 411384 527718 505800 48894 188832 268636 17422 345068 493998 193890 225924 112962 410260 20232 550760 238850 71374 491188 222552 156798 529404 221428 504676 447352 378788 479948 506924 502428 350126 1124 83176 198948 164104 26414 445104 352374 294488 462526 332704 424310 93854 558628 172534 139938 16298 160732 378226 87110 89920 38216 441170 56762 259082 19670 139376 273132 134880 282124 213560 484444 480510 493998 120830 82052 520412 3372 433864 450162 101160 204568 509734 392838 200634 119706 532214 414194 280438 545702 500742 5620 21356 15736 259644 477700 34844 398458 188270 169162 315844 37092 91044 233792 531090 409136 513106 488940 47770 384970 12364
59598 48312 61974 59400 5742 22176 31548 2046 40524 58014 22770 26532 13266 48180 2376 64680 28050 8382 57684 26136 18414 62172 26004 59268 52536 44484 56364 59532 59004 41118 132 9768 23364 19272 3102 52272 41382 34584 54318 39072 49830 11022 65604 20262 16434 1914 18876 44418 10230 10560 4488 51810 6666 30426 2310 16368 32076 15840 33132 25080 56892 56430 58014 14190 9636 61116 396 50952 52866 11880 24024 59862 46134 23562 14058 62502 48642 32934 64086 58806 660 2508 1848 30492 56100 4092 46794 22110 19866 37092 4356 10692 27456 62370 48048 60258 57420 5610 45210 1452
146286 118584 152118 145800 14094 54432 77436 5022 99468 142398 55890 65124 32562 118260 5832 158760 68850 20574 141588 64152 45198 152604 63828 145476 128952 109188 138348 146124 144828 100926 324 23976 57348 47304 7614 128304 101574 84888 133326 95904 122310 27054 161028 49734 40338 4698 46332 109026 25110 25920 11016 127170 16362 74682 5670 40176 78732 38880 81324 61560 139644 138510 142398 34830 23652 150012 972 125064 129762 29160 58968 146934 113238 57834 34506 153414 119394 80838 157302 144342 1620 6156 4536 74844 137700 10044 114858 54270 48762 91044 10692 26244 67392 153090 117936 147906 140940 13770 110970 3564
375648 304512 390624 374400 36192 139776 198848 12896 255424 365664 143520 167232 83616 303680 14976 407680 176800 52832 363584 164736 116064 391872 163904 373568 331136 280384 355264 375232 371904 259168 832 61568 147264 121472 19552 329472 260832 217984 342368 246272 314080 69472 413504 127712 103584 12064 118976 279968 64480 66560 28288 326560 42016 191776 14560 103168 202176 99840 208832 158080 358592 355680 365664 89440 60736 385216 2496 321152 333216 74880 151424 377312 290784 148512 88608 393952 306592 207584 403936 370656 4160 15808 11648 192192 353600 25792 294944 139360 125216 233792 27456 67392 173056 393120 302848 379808 361920 35360 284960 9152
853335 691740 887355 850500 82215 317520 451710 29295 580230 830655 326025 379890 189945 689850 34020 926100 401625 120015 825930 374220 263655 890190 372330 848610 752220 636930 807030 852390 844830 588735 1890 139860 334530 275940 44415 748440 592515 495180 777735 559440 713475 157815 939330 290115 235305 27405 270270 635985 146475 151200 64260 741825 95445 435645 33075 234360 459270 226800 474390 359100 814590 807975 830655 203175 137970 875070 5670 729540 756945 170100 343980 857115 660555 337365 201285 894915 696465 471555 917595 841995 9450 35910 26460 436590 803250 58590 670005 316575 284445 531090 62370 153090 393120 893025 687960 862785 822150 80325 647325 20790
657384 532896 683592 655200 63336 244608 347984 22568 446992 639912 251160 292656 146328 531440 26208 713440 309400 92456 636272 288288 203112 685776 286832 653744 579488 490672 621712 656656 650832 453544 1456 107744 257712 212576 34216 576576 456456 381472 599144 430976 549640 121576 723632 223496 181272 21112 208208 489944 112840 116480 49504 571480 73528 335608 25480 180544 353808 174720 365456 276640 627536 622440 639912 156520 106288 674128 4368 562016 583128 131040 264992 660296 508872 259896 155064 689416 536536 363272 706888 648648 7280 27664 20384 336336 618800 45136 516152 243880 219128 409136 48048 117936 302848 687960 529984 664664 633360 61880 498680 16016
824439 668316 857307 821700 79431 306768 436414 28303 560582 802527 314985 367026 183513 666490 32868 894740 388025 115951 797962 361548 254727 860046 359722 819874 726748 615362 779702 823526 816222 568799 1826 135124 323202 266596 42911 723096 572451 478412 751399 540496 689315 152471 907522 280291 227337 26477 261118 614449 141515 146080 62084 716705 92213 420893 31955 226424 443718 219120 458326 346940 787006 780615 802527 196295 133298 845438 5478 704836 731313 164340 332332 828091 638187 325941 194469 864611 672881 455587 886523 813483 9130 34694 25564 421806 776050 56606 647317 305855 274813 513106 60258 147906 379808 862785 664664 833569 794310 77605 625405 20086
785610 636840 816930 783000 75690 292320 415860 26970 534180 764730 300150 349740 174870 635100 31320 852600 369750 110490 760380 344520 242730 819540 342780 781260 692520 586380 742980 784740 777780 542010 1740 128760 307980 254040 40890 689040 545490 455880 716010 515040 656850 145290 864780 267090 216630 25230 248820 585510 134850 139200 59160 682950 87870 401070 30450 215760 422820 208800 436740 330600 749940 743850 764730 187050 127020 805620 5220 671640 696870 156600 316680 789090 608130 310590 185310 823890 641190 434130 844770 775170 8700 33060 24360 401940 739500 53940 616830 291450 261870 488940 57420 140940 361920 822150 633360 794310 756900 73950 595950 19140
76755 62220 79815 76500 7395 28560 40630 2635 52190 74715 29325 34170 17085 62050 3060 83300 36125 10795 74290 33660 23715 80070 33490 76330 67660 57290 72590 76670 75990 52955 170 12580 30090 24820 3995 67320 53295 44540 69955 50320 64175 14195 84490 26095 21165 2465 24310 57205 13175 13600 5780 66725 8585 39185 2975 21080 41310 20400 42670 32300 73270 72675 74715 18275 12410 78710 510 65620 68085 15300 30940 77095 59415 30345 18105 80495 62645 42415 82535 75735 850 3230 2380 39270 72250 5270 60265 28475 25585 47770 5610 13770 35360 80325 61880 77605 73950 7225 58225 1870
618555 501420 643215 616500 59595 230160 327430 21235 420590 602115 236325 275370 137685 500050 24660 671300 291125 86995 598690 271260 191115 645270 269890 615130 545260 461690 584990 617870 612390 426755 1370 101380 242490 200020 32195 542520 429495 358940 563755 405520 517175 114395 680890 210295 170565 19865 195910 461005 106175 109600 46580 537725 69185 315785 23975 169880 332910 164400 343870 260300 590470 585675 602115 147275 100010 634310 4110 528820 548685 123300 249340 621295 478815 244545 145905 648695 504845 341815 665135 610335 6850 26030 19180 316470 582250 42470 485665 229475 206185 384970 45210 110970 284960 647325 498680 625405 595950 58225 469225 15070
19866 16104 20658 19800 1914 7392 10516 682 13508 19338 7590 8844 4422 16060 792 21560 9350 2794 19228 8712 6138 20724 8668 19756 17512 14828 18788 19844 19668 13706 44 3256 7788 6424 1034 17424 13794 11528 18106 13024 16610 3674 21868 6754 5478 638 6292 14806 3410 3520 1496 17270 2222 10142 770 5456 10692 5280 11044 8360 18964 18810 19338 4730 3212 20372 132 16984 17622 3960 8008 19954 15378 7854 4686 20834 16214 10978 21362 19602 220 836 616 10164 18700 1364 15598 7370 6622 12364 1452 3564 9152 20790 16016 20086 19140 1870 15070 484
