83
1849 1032 559 3784 4214 4257 4085 215 2623 2107 3096 1806 86 1419 4257 1978 4257 301 1032 4042 1935 3526 1806 3010 774 2537 430 1118 3526 2924 387 1032 1849 3139 2752 3956 3053 430 4128 3569 430 2881 1032 473 4257 3225 387 2107 3483 1376 4085 3354 2795 3784 2021 3569 1978 387 344 3397 1204 688 2365 3010 1720 774 2623 2666 3397 387 1935 3827 3225 860 2193 1118 4042 2537 3182 1161 3870 860 172
1032 576 312 2112 2352 2376 2280 120 1464 1176 1728 1008 48 792 2376 1104 2376 168 576 2256 1080 1968 1008 1680 432 1416 240 624 1968 1632 216 576 1032 1752 1536 2208 1704 240 2304 1992 240 1608 576 264 2376 1800 216 1176 1944 768 2280 1872 1560 2112 1128 1992 1104 216 192 1896 672 384 1320 1680 960 432 1464 1488 1896 216 1080 2136 1800 480 1224 624 2256 1416 1776 648 2160 480 96
559 312 169 1144 1274 1287 1235 65 793 637 936 546 26 429 1287 598 1287 91 312 1222 585 1066 546 910 234 767 130 338 1066 884 117 312 559 949 832 1196 923 130 1248 1079 130 871 312 143 1287 975 117 637 1053 416 1235 1014 845 1144 611 1079 598 117 104 1027 364 208 715 910 520 234 793 806 1027 117 585 1157 975 260 663 338 1222 767 962 351 1170 260 52
3784 2112 1144 7744 8624 8712 8360 440 5368 4312 6336 3696 176 2904 8712 4048 8712 616 2112 8272 3960 7216 3696 6160 1584 5192 880 2288 7216 5984 792 2112 3784 6424 5632 8096 6248 880 8448 7304 880 5896 2112 968 8712 6600 792 4312 7128 2816 8360 6864 5720 7744 4136 7304 4048 792 704 6952 2464 1408 4840 6160 3520 1584 5368 5456 6952 792 3960 7832 6600 1760 4488 2288 8272 5192 6512 2376 7920 1760 352
4214 2352 1274 8624 9604 9702 9310 490 5978 4802 7056 4116 196 3234 9702 4508 9702 686 2352 9212 4410 8036 4116 6860 1764 5782 980 2548 8036 6664 882 2352 4214 7154 6272 9016 6958 980 9408 8134 980 6566 2352 1078 9702 7350 882 4802 7938 3136 9310 7644 6370 8624 4606 8134 4508 882 784 7742 2744 1568 5390 6860 3920 1764 5978 6076 7742 882 4410 8722 7350 1960 4998 2548 9212 5782 7252 2646 8820 1960 392
4257 2376 1287 8712 9702 9801 9405 495 6039 4851 7128 4158 198 3267 9801 4554 9801 693 2376 9306 4455 8118 4158 6930 1782 5841 990 2574 8118 6732 891 2376 4257 7227 6336 9108 7029 990 9504 8217 990 6633 2376 1089 9801 7425 891 4851 8019 3168 9405 7722 6435 8712 4653 8217 4554 891 792 7821 2772 1584 5445 6930 3960 1782 6039 6138 7821 891 4455 8811 7425 1980 5049 2574 9306 5841 7326 2673 8910 1980 396
4085 2280 1235 8360 9310 9405 9025 475 5795 4655 6840 3990 190 3135 9405 4370 9405 665 2280 8930 4275 7790 3990 6650 1710 5605 950 2470 7790 6460 855 2280 4085 6935 6080 8740 6745 950 9120 7885 950 6365 2280 1045 9405 7125 855 4655 7695 3040 9025 7410 6175 8360 4465 7885 4370 855 760 7505 2660 1520 5225 6650 3800 1710 5795 5890 7505 855 4275 8455 7125 1900 4845 2470 8930 5605 7030 2565 8550 1900 380
215 120 65 440 490 495 475 25 305 245 360 210 10 165 495 230 495 35 120 470 225 410 210 350 90 295 50 130 410 340 45 120 215 365 320 460 355 50 480 415 50 335 120 55 495 375 45 245 405 160 475 390 325 440 235 415 230 45 40 395 140 80 275 350 200 90 305 310 395 45 225 445 375 100 255 130 470 295 370 135 450 100 20
2623 1464 793 5368 5978 6039 5795 305 3721 2989 4392 2562 122 2013 6039 2806 6039 427 1464 5734 2745 5002 2562 4270 1098 3599 610 1586 5002 4148 549 1464 2623 4453 3904 5612 4331 610 5856 5063 610 4087 1464 671 6039 4575 549 2989 4941 1952 5795 4758 3965 5368 2867 5063 2806 549 488 4819 1708 976 3355 4270 2440 1098 3721 3782 4819 549 2745 5429 4575 1220 3111 1586 5734 3599 4514 1647 5490 1220 244
2107 1176 637 4312 4802 4851 4655 245 2989 2401 3528 2058 98 1617 4851 2254 4851 343 1176 4606 2205 4018 2058 3430 882 2891 490 1274 4018 3332 441 1176 2107 3577 3136 4508 3479 490 4704 4067 490 3283 1176 539 4851 3675 441 2401 3969 1568 4655 3822 3185 4312 2303 4067 2254 441 392 3871 1372 784 2695 3430 1960 882 2989 3038 3871 441 2205 4361 3675 980 2499 1274 4606 2891 3626 1323 4410 980 196
3096 1728 936 6336 7056 7128 6840 360 4392 3528 5184 3024 144 2376 7128 3312 7128 504 1728 6768 3240 5904 3024 5040 1296 4248 720 1872 5904 4896 648 1728 3096 5256 4608 6624 5112 720 6912 5976 720 4824 1728 792 7128 5400 648 3528 5832 2304 6840 5616 4680 6336 3384 5976 3312 648 576 5688 2016 1152 3960 5040 2880 1296 4392 4464 5688 648 3240 6408 5400 1440 3672 1872 6768 4248 5328 1944 6480 1440 288
1806 1008 546 3696 4116 4158 3990 210 2562 2058 3024 1764 84 1386 4158 1932 4158 294 1008 3948 1890 3444 1764 2940 756 2478 420 1092 3444 2856 378 1008 1806 3066 2688 3864 2982 420 4032 3486 420 2814 1008 462 4158 3150 378 2058 3402 1344 3990 3276 2730 3696 1974 3486 1932 378 336 3318 1176 672 2310 2940 1680 756 2562 2604 3318 378 1890 3738 3150 840 2142 1092 3948 2478 3108 1134 3780 840 168
86 48 26 176 196 198 190 10 122 98 144 84 4 66 198 92 198 14 48 188 90 164 84 140 36 118 20 52 164 136 18 48 86 146 128 184 142 20 192 166 20 134 48 22 198 150 18 98 162 64 190 156 130 176 94 166 92 18 16 158 56 32 110 140 80 36 122 124 158 18 90 178 150 40 102 52 188 118 148 54 180 40 8
1419 792 429 2904 3234 3267 3135 165 2013 1617 2376 1386 66 1089 3267 1518 3267 231 792 3102 1485 2706 1386 2310 594 1947 330 858 2706 2244 297 792 1419 2409 2112 3036 2343 330 3168 2739 330 2211 792 363 3267 2475 297 1617 2673 1056 3135 2574 2145 2904 1551 2739 1518 297 264 2607 924 528 1815 2310 1320 594 2013 2046 2607 297 1485 2937 2475 660 1683 858 3102 1947 2442 891 2970 660 132
4257 2376 1287 8712 9702 9801 9405 495 6039 4851 7128 4158 198 3267 9801 4554 9801 693 2376 9306 4455 8118 4158 6930 1782 5841 990 2574 8118 6732 891 2376 4257 7227 6336 9108 7029 990 9504 8217 990 6633 2376 1089 9801 7425 891 4851 8019 3168 9405 7722 6435 8712 4653 8217 4554 891 792 7821 2772 1584 5445 6930 3960 1782 6039 6138 7821 891 4455 8811 7425 1980 5049 2574 9306 5841 7326 2673 8910 1980 396
1978 1104 598 4048 4508 4554 4370 230 2806 2254 3312 1932 92 1518 4554 2116 4554 322 1104 4324 2070 3772 1932 3220 828 2714 460 1196 3772 3128 414 1104 1978 3358 2944 4232 3266 460 4416 3818 460 3082 1104 506 4554 3450 414 2254 3726 1472 4370 3588 2990 4048 2162 3818 2116 414 368 3634 1288 736 2530 3220 1840 828 2806 2852 3634 414 2070 4094 3450 920 2346 1196 4324 2714 3404 1242 4140 920 184
4257 2376 1287 8712 9702 9801 9405 495 6039 4851 7128 4158 198 3267 9801 4554 9801 693 2376 9306 4455 8118 4158 6930 1782 5841 990 2574 8118 6732 891 2376 4257 7227 6336 9108 7029 990 9504 8217 990 6633 2376 1089 9801 7425 891 4851 8019 3168 9405 7722 6435 8712 4653 8217 4554 891 792 7821 2772 1584 5445 6930 3960 1782 6039 6138 7821 891 4455 8811 7425 1980 5049 2574 9306 5841 7326 2673 8910 1980 396
301 168 91 616 686 693 665 35 427 343 504 294 14 231 693 322 693 49 168 658 315 574 294 490 126 413 70 182 574 476 63 168 301 511 448 644 497 70 672 581 70 469 168 77 693 525 63 343 567 224 665 546 455 616 329 581 322 63 56 553 196 112 385 490 280 126 427 434 553 63 315 623 525 140 357 182 658 413 518 189 630 140 28
1032 576 312 2112 2352 2376 2280 120 1464 1176 1728 1008 48 792 2376 1104 2376 168 576 2256 1080 1968 1008 1680 432 1416 240 624 1968 1632 216 576 1032 1752 1536 2208 1704 240 2304 1992 240 1608 576 264 2376 1800 216 1176 1944 768 2280 1872 1560 2112 1128 1992 1104 216 192 1896 672 384 1320 1680 960 432 1464 1488 1896 216 1080 2136 1800 480 1224 624 2256 1416 1776 648 2160 480 96
4042 2256 1222 8272 9212 9306 8930 470 5734 4606 6768 3948 188 3102 9306 4324 9306 658 2256 8836 4230 7708 3948 6580 1692 5546 940 2444 7708 6392 846 2256 4042 6862 6016 8648 6674 940 9024 7802 940 6298 2256 1034 9306 7050 846 4606 7614 3008 8930 7332 6110 8272 4418 7802 4324 846 752 7426 2632 1504 5170 6580 3760 1692 5734 5828 7426 846 4230 8366 7050 1880 4794 2444 8836 5546 6956 2538 8460 1880 376
1935 1080 585 3960 4410 4455 4275 225 2745 2205 3240 1890 90 1485 4455 2070 4455 315 1080 4230 2025 3690 1890 3150 810 2655 450 1170 3690 3060 405 1080 1935 3285 2880 4140 3195 450 4320 3735 450 3015 1080 495 4455 3375 405 2205 3645 1440 4275 3510 2925 3960 2115 3735 2070 405 360 3555 1260 720 2475 3150 1800 810 2745 2790 3555 405 2025 4005 3375 900 2295 1170 4230 2655 3330 1215 4050 900 180
3526 1968 1066 7216 8036 8118 7790 410 5002 4018 5904 3444 164 2706 8118 3772 8118 574 1968 7708 3690 6724 3444 5740 1476 4838 820 2132 6724 5576 738 1968 3526 5986 5248 7544 5822 820 7872 6806 820 5494 1968 902 8118 6150 738 4018 6642 2624 7790 6396 5330 7216 3854 6806 3772 738 656 6478 2296 1312 4510 5740 3280 1476 5002 5084 6478 738 3690 7298 6150 1640 4182 2132 7708 4838 6068 2214 7380 1640 328
1806 1008 546 3696 4116 4158 3990 210 2562 2058 3024 1764 84 1386 4158 1932 4158 294 1008 3948 1890 3444 1764 2940 756 2478 420 1092 3444 2856 378 1008 1806 3066 2688 3864 2982 420 4032 3486 420 2814 1008 462 4158 3150 378 2058 3402 1344 3990 3276 2730 3696 1974 3486 1932 378 336 3318 1176 672 2310 2940 1680 756 2562 2604 3318 378 1890 3738 3150 840 2142 1092 3948 2478 3108 1134 3780 840 168
3010 1680 910 6160 6860 6930 6650 350 4270 3430 5040 2940 140 2310 6930 3220 6930 490 1680 6580 3150 5740 2940 4900 1260 4130 700 1820 5740 4760 630 1680 3010 5110 4480 6440 4970 700 6720 5810 700 4690 1680 770 6930 5250 630 3430 5670 2240 6650 5460 4550 6160 3290 5810 3220 630 560 5530 1960 1120 3850 4900 2800 1260 4270 4340 5530 630 3150 6230 5250 1400 3570 1820 6580 4130 5180 1890 6300 1400 280
774 432 234 1584 1764 1782 1710 90 1098 882 1296 756 36 594 1782 828 1782 126 432 1692 810 1476 756 1260 324 1062 180 468 1476 1224 162 432 774 1314 1152 1656 1278 180 1728 1494 180 1206 432 198 1782 1350 162 882 1458 576 1710 1404 1170 1584 846 1494 828 162 144 1422 504 288 990 1260 720 324 1098 1116 1422 162 810 1602 1350 360 918 468 1692 1062 1332 486 1620 360 72
2537 1416 767 5192 5782 5841 5605 295 3599 2891 4248 2478 118 1947 5841 2714 5841 413 1416 5546 2655 4838 2478 4130 1062 3481 590 1534 4838 4012 531 1416 2537 4307 3776 5428 4189 590 5664 4897 590 3953 1416 649 5841 4425 531 2891 4779 1888 5605 4602 3835 5192 2773 4897 2714 531 472 4661 1652 944 3245 4130 2360 1062 3599 3658 4661 531 2655 5251 4425 1180 3009 1534 5546 3481 4366 1593 5310 1180 236
430 240 130 880 980 990 950 50 610 490 720 420 20 330 990 460 990 70 240 940 450 820 420 700 180 590 100 260 820 680 90 240 430 730 640 920 710 100 960 830 100 670 240 110 990 750 90 490 810 320 950 780 650 880 470 830 460 90 80 790 280 160 550 700 400 180 610 620 790 90 450 890 750 200 510 260 940 590 740 270 900 200 40
1118 624 338 2288 2548 2574 2470 130 1586 1274 1872 1092 52 858 2574 1196 2574 182 624 2444 1170 2132 1092 1820 468 1534 260 676 2132 1768 234 624 1118 1898 1664 2392 1846 260 2496 2158 260 1742 624 286 2574 1950 234 1274 2106 832 2470 2028 1690 2288 1222 2158 1196 234 208 2054 728 416 1430 1820 1040 468 1586 1612 2054 234 1170 2314 1950 520 1326 676 2444 1534 1924 702 2340 520 104
3526 1968 1066 7216 8036 8118 7790 410 5002 4018 5904 3444 164 2706 8118 3772 8118 574 1968 7708 3690 6724 3444 5740 1476 4838 820 2132 6724 5576 738 1968 3526 5986 5248 7544 5822 820 7872 6806 820 5494 1968 902 8118 6150 738 4018 6642 2624 7790 6396 5330 7216 3854 6806 3772 738 656 6478 2296 1312 4510 5740 3280 1476 5002 5084 6478 738 3690 7298 6150 1640 4182 2132 7708 4838 6068 2214 7380 1640 328
2924 1632 884 5984 6664 6732 6460 340 4148 3332 4896 2856 136 2244 6732 3128 6732 476 1632 6392 3060 5576 2856 4760 1224 4012 680 1768 5576 4624 612 1632 2924 4964 4352 6256 4828 680 6528 5644 680 4556 1632 748 6732 5100 612 3332 5508 2176 6460 5304 4420 5984 3196 5644 3128 612 544 5372 1904 1088 3740 4760 2720 1224 4148 4216 5372 612 3060 6052 5100 1360 3468 1768 6392 4012 5032 1836 6120 1360 272
387 216 117 792 882 891 855 45 549 441 648 378 18 297 891 414 891 63 216 846 405 738 378 630 162 531 90 234 738 612 81 216 387 657 576 828 639 90 864 747 90 603 216 99 891 675 81 441 729 288 855 702 585 792 423 747 414 81 72 711 252 144 495 630 360 162 549 558 711 81 405 801 675 180 459 234 846 531 666 243 810 180 36
1032 576 312 2112 2352 2376 2280 120 1464 1176 1728 1008 48 792 2376 1104 2376 168 576 2256 1080 1968 1008 1680 432 1416 240 624 1968 1632 216 576 1032 1752 1536 2208 1704 240 2304 1992 240 1608 576 264 2376 1800 216 1176 1944 768 2280 1872 1560 2112 1128 1992 1104 216 192 1896 672 384 1320 1680 960 432 1464 1488 1896 216 1080 2136 1800 480 1224 624 2256 1416 1776 648 2160 480 96
1849 1032 559 3784 4214 4257 4085 215 2623 2107 3096 1806 86 1419 4257 1978 4257 301 1032 4042 1935 3526 1806 3010 774 2537 430 1118 3526 2924 387 1032 1849 3139 2752 3956 3053 430 4128 3569 430 2881 1032 473 4257 3225 387 2107 3483 1376 4085 3354 2795 3784 2021 3569 1978 387 344 3397 1204 688 2365 3010 1720 774 2623 2666 3397 387 1935 3827 3225 860 2193 1118 4042 2537 3182 1161 3870 860 172
3139 1752 949 6424 7154 7227 6935 365 4453 3577 5256 3066 146 2409 7227 3358 7227 511 1752 6862 3285 5986 3066 5110 1314 4307 730 1898 5986 4964 657 1752 3139 5329 4672 6716 5183 730 7008 6059 730 4891 1752 803 7227 5475 657 3577 5913 2336 6935 5694 4745 6424 3431 6059 3358 657 584 5767 2044 1168 4015 5110 2920 1314 4453 4526 5767 657 3285 6497 5475 1460 3723 1898 6862 4307 5402 1971 6570 1460 292
2752 1536 832 5632 6272 6336 6080 320 3904 3136 4608 2688 128 2112 6336 2944 6336 448 1536 6016 2880 5248 2688 4480 1152 3776 640 1664 5248 4352 576 1536 2752 4672 4096 5888 4544 640 6144 5312 640 4288 1536 704 6336 4800 576 3136 5184 2048 6080 4992 4160 5632 3008 5312 2944 576 512 5056 1792 1024 3520 4480 2560 1152 3904 3968 5056 576 2880 5696 4800 1280 3264 1664 6016 3776 4736 1728 5760 1280 256
3956 2208 1196 8096 9016 9108 8740 460 5612 4508 6624 3864 184 3036 9108 4232 9108 644 2208 8648 4140 7544 3864 6440 1656 5428 920 2392 7544 6256 828 2208 3956 6716 5888 8464 6532 920 8832 7636 920 6164 2208 1012 9108 6900 828 4508 7452 2944 8740 7176 5980 8096 4324 7636 4232 828 736 7268 2576 1472 5060 6440 3680 1656 5612 5704 7268 828 4140 8188 6900 1840 4692 2392 8648 5428 6808 2484 8280 1840 368
3053 1704 923 6248 6958 7029 6745 355 4331 3479 5112 2982 142 2343 7029 3266 7029 497 1704 6674 3195 5822 2982 4970 1278 4189 710 1846 5822 4828 639 1704 3053 5183 4544 6532 5041 710 6816 5893 710 4757 1704 781 7029 5325 639 3479 5751 2272 6745 5538 4615 6248 3337 5893 3266 639 568 5609 1988 1136 3905 4970 2840 1278 4331 4402 5609 639 3195 6319 5325 1420 3621 1846 6674 4189 5254 1917 6390 1420 284
430 240 130 880 980 990 950 50 610 490 720 420 20 330 990 460 990 70 240 940 450 820 420 700 180 590 100 260 820 680 90 240 430 730 640 920 710 100 960 830 100 670 240 110 990 750 90 490 810 320 950 780 650 880 470 830 460 90 80 790 280 160 550 700 400 180 610 620 790 90 450 890 750 200 510 260 940 590 740 270 900 200 40
4128 2304 1248 8448 9408 9504 9120 480 5856 4704 6912 4032 192 3168 9504 4416 9504 672 2304 9024 4320 7872 4032 6720 1728 5664 960 2496 7872 6528 864 2304 4128 7008 6144 8832 6816 960 9216 7968 960 6432 2304 1056 9504 7200 864 4704 7776 3072 9120 7488 6240 8448 4512 7968 4416 864 768 7584 2688 1536 5280 6720 3840 1728 5856 5952 7584 864 4320 8544 7200 1920 4896 2496 9024 5664 7104 2592 8640 1920 384
3569 1992 1079 7304 8134 8217 7885 415 5063 4067 5976 3486 166 2739 8217 3818 8217 581 1992 7802 3735 6806 3486 5810 1494 4897 830 2158 6806 5644 747 1992 3569 6059 5312 7636 5893 830 7968 6889 830 5561 1992 913 8217 6225 747 4067 6723 2656 7885 6474 5395 7304 3901 6889 3818 747 664 6557 2324 1328 4565 5810 3320 1494 5063 5146 6557 747 3735 7387 6225 1660 4233 2158 7802 4897 6142 2241 7470 1660 332
430 240 130 880 980 990 950 50 610 490 720 420 20 330 990 460 990 70 240 940 450 820 420 700 180 590 100 260 820 680 90 240 430 730 640 920 710 100 960 830 100 670 240 110 990 750 90 490 810 320 950 780 650 880 470 830 460 90 80 790 280 160 550 700 400 180 610 620 790 90 450 890 750 200 510 260 940 590 740 270 900 200 40
2881 1608 871 5896 6566 6633 6365 335 4087 3283 4824 2814 134 2211 6633 3082 6633 469 1608 6298 3015 5494 2814 4690 1206 3953 670 1742 5494 4556 603 1608 2881 4891 4288 6164 4757 670 6432 5561 670 4489 1608 737 6633 5025 603 3283 5427 2144 6365 5226 4355 5896 3149 5561 3082 603 536 5293 1876 1072 3685 4690 2680 1206 4087 4154 5293 603 3015 5963 5025 1340 3417 1742 6298 3953 4958 1809 6030 1340 268
1032 576 312 2112 2352 2376 2280 120 1464 1176 1728 1008 48 792 2376 1104 2376 168 576 2256 1080 1968 1008 1680 432 1416 240 624 1968 1632 216 576 1032 1752 1536 2208 1704 240 2304 1992 240 1608 576 264 2376 1800 216 1176 1944 768 2280 1872 1560 2112 1128 1992 1104 216 192 1896 672 384 1320 1680 960 432 1464 1488 1896 216 1080 2136 1800 480 1224 624 2256 1416 1776 648 2160 480 96
473 264 143 968 1078 1089 1045 55 671 539 792 462 22 363 1089 506 1089 77 264 1034 495 902 462 770 198 649 110 286 902 748 99 264 473 803 704 1012 781 110 1056 913 110 737 264 121 1089 825 99 539 891 352 1045 858 715 968 517 913 506 99 88 869 308 176 605 770 440 198 671 682 869 99 495 979 825 220 561 286 1034 649 814 297 990 220 44
4257 2376 1287 8712 9702 9801 9405 495 6039 4851 7128 4158 198 3267 9801 4554 9801 693 2376 9306 4455 8118 4158 6930 1782 5841 990 2574 8118 6732 891 2376 4257 7227 6336 9108 7029 990 9504 8217 990 6633 2376 1089 9801 7425 891 4851 8019 3168 9405 7722 6435 8712 4653 8217 4554 891 792 7821 2772 1584 5445 6930 3960 1782 6039 6138 7821 891 4455 8811 7425 1980 5049 2574 9306 5841 7326 2673 8910 1980 396
3225 1800 975 6600 7350 7425 7125 375 4575 3675 5400 3150 150 2475 7425 3450 7425 525 1800 7050 3375 6150 3150 5250 1350 4425 750 1950 6150 5100 675 1800 3225 5475 4800 6900 5325 750 7200 6225 750 5025 1800 825 7425 5625 675 3675 6075 2400 7125 5850 4875 6600 3525 6225 3450 675 600 5925 2100 1200 4125 5250 3000 1350 4575 4650 5925 675 3375 6675 5625 1500 3825 1950 7050 4425 5550 2025 6750 1500 300
387 216 117 792 882 891 855 45 549 441 648 378 18 297 891 414 891 63 216 846 405 738 378 630 162 531 90 234 738 612 81 216 387 657 576 828 639 90 864 747 90 603 216 99 891 675 81 441 729 288 855 702 585 792 423 747 414 81 72 711 252 144 495 630 360 162 549 558 711 81 405 801 675 180 459 234 846 531 666 243 810 180 36
2107 1176 637 4312 4802 4851 4655 245 2989 2401 3528 2058 98 1617 4851 2254 4851 343 1176 4606 2205 4018 2058 3430 882 2891 490 1274 4018 3332 441 1176 2107 3577 3136 4508 3479 490 4704 4067 490 3283 1176 539 4851 3675 441 2401 3969 1568 4655 3822 3185 4312 2303 4067 2254 441 392 3871 1372 784 2695 3430 1960 882 2989 3038 3871 441 2205 4361 3675 980 2499 1274 4606 2891 3626 1323 4410 980 196
3483 1944 1053 7128 7938 8019 7695 405 4941 3969 5832 3402 162 2673 8019 3726 8019 567 1944 7614 3645 6642 3402 5670 1458 4779 810 2106 6642 5508 729 1944 3483 5913 5184 7452 5751 810 7776 6723 810 5427 1944 891 8019 6075 729 3969 6561 2592 7695 6318 5265 7128 3807 6723 3726 729 648 6399 2268 1296 4455 5670 3240 1458 4941 5022 6399 729 3645 7209 6075 1620 4131 2106 7614 4779 5994 2187 7290 1620 324
1376 768 416 2816 3136 3168 3040 160 1952 1568 2304 1344 64 1056 3168 1472 3168 224 768 3008 1440 2624 1344 2240 576 1888 320 832 2624 2176 288 768 1376 2336 2048 2944 2272 320 3072 2656 320 2144 768 352 3168 2400 288 1568 2592 1024 3040 2496 2080 2816 1504 2656 1472 288 256 2528 896 512 1760 2240 1280 576 1952 1984 2528 288 1440 2848 2400 640 1632 832 3008 1888 2368 864 2880 640 128
4085 2280 1235 8360 9310 9405 9025 475 5795 4655 6840 3990 190 3135 9405 4370 9405 665 2280 8930 4275 7790 3990 6650 1710 5605 950 2470 7790 6460 855 2280 4085 6935 6080 8740 6745 950 9120 7885 950 6365 2280 1045 9405 7125 855 4655 7695 3040 9025 7410 6175 8360 4465 7885 4370 855 760 7505 2660 1520 5225 6650 3800 1710 5795 5890 7505 855 4275 8455 7125 1900 4845 2470 8930 5605 7030 2565 8550 1900 380
3354 1872 1014 6864 7644 7722 7410 390 4758 3822 5616 3276 156 2574 7722 3588 7722 546 1872 7332 3510 6396 3276 5460 1404 4602 780 2028 6396 5304 702 1872 3354 5694 4992 7176 5538 780 7488 6474 780 5226 1872 858 7722 5850 702 3822 6318 2496 7410 6084 5070 6864 3666 6474 3588 702 624 6162 2184 1248 4290 5460 3120 1404 4758 4836 6162 702 3510 6942 5850 1560 3978 2028 7332 4602 5772 2106 7020 1560 312
2795 1560 845 5720 6370 6435 6175 325 3965 3185 4680 2730 130 2145 6435 2990 6435 455 1560 6110 2925 5330 2730 4550 1170 3835 650 1690 5330 4420 585 1560 2795 4745 4160 5980 4615 650 6240 5395 650 4355 1560 715 6435 4875 585 3185 5265 2080 6175 5070 4225 5720 3055 5395 2990 585 520 5135 1820 1040 3575 4550 2600 1170 3965 4030 5135 585 2925 5785 4875 1300 3315 1690 6110 3835 4810 1755 5850 1300 260
3784 2112 1144 7744 8624 8712 8360 440 5368 4312 6336 3696 176 2904 8712 4048 8712 616 2112 8272 3960 7216 3696 6160 1584 5192 880 2288 7216 5984 792 2112 3784 6424 5632 8096 6248 880 8448 7304 880 5896 2112 968 8712 6600 792 4312 7128 2816 8360 6864 5720 7744 4136 7304 4048 792 704 6952 2464 1408 4840 6160 3520 1584 5368 5456 6952 792 3960 7832 6600 1760 4488 2288 8272 5192 6512 2376 7920 1760 352
2021 1128 611 4136 4606 4653 4465 235 2867 2303 3384 1974 94 1551 4653 2162 4653 329 1128 4418 2115 3854 1974 3290 846 2773 470 1222 3854 3196 423 1128 2021 3431 3008 4324 3337 470 4512 3901 470 3149 1128 517 4653 3525 423 2303 3807 1504 4465 3666 3055 4136 2209 3901 2162 423 376 3713 1316 752 2585 3290 1880 846 2867 2914 3713 423 2115 4183 3525 940 2397 1222 4418 2773 3478 1269 4230 940 188
3569 1992 1079 7304 8134 8217 7885 415 5063 4067 5976 3486 166 2739 8217 3818 8217 581 1992 7802 3735 6806 3486 5810 1494 4897 830 2158 6806 5644 747 1992 3569 6059 5312 7636 5893 830 7968 6889 830 5561 1992 913 8217 6225 747 4067 6723 2656 7885 6474 5395 7304 3901 6889 3818 747 664 6557 2324 1328 4565 5810 3320 1494 5063 5146 6557 747 3735 7387 6225 1660 4233 2158 7802 4897 6142 2241 7470 1660 332
1978 1104 598 4048 4508 4554 4370 230 2806 2254 3312 1932 92 1518 4554 2116 4554 322 1104 4324 2070 3772 1932 3220 828 2714 460 1196 3772 3128 414 1104 1978 3358 2944 4232 3266 460 4416 3818 460 3082 1104 506 4554 3450 414 2254 3726 1472 4370 3588 2990 4048 2162 3818 2116 414 368 3634 1288 736 2530 3220 1840 828 2806 2852 3634 414 2070 4094 3450 920 2346 1196 4324 2714 3404 1242 4140 920 184
387 216 117 792 882 891 855 45 549 441 648 378 18 297 891 414 891 63 216 846 405 738 378 630 162 531 90 234 738 612 81 216 387 657 576 828 639 90 864 747 90 603 216 99 891 675 81 441 729 288 855 702 585 792 423 747 414 81 72 711 252 144 495 630 360 162 549 558 711 81 405 801 675 180 459 234 846 531 666 243 810 180 36
344 192 104 704 784 792 760 40 488 392 576 336 16 264 792 368 792 56 192 752 360 656 336 560 144 472 80 208 656 544 72 192 344 584 512 736 568 80 768 664 80 536 192 88 792 600 72 392 648 256 760 624 520 704 376 664 368 72 64 632 224 128 440 560 320 144 488 496 632 72 360 712 600 160 408 208 752 472 592 216 720 160 32
3397 1896 1027 6952 7742 7821 7505 395 4819 3871 5688 3318 158 2607 7821 3634 7821 553 1896 7426 3555 6478 3318 5530 1422 4661 790 2054 6478 5372 711 1896 3397 5767 5056 7268 5609 790 7584 6557 790 5293 1896 869 7821 5925 711 3871 6399 2528 7505 6162 5135 6952 3713 6557 3634 711 632 6241 2212 1264 4345 5530 3160 1422 4819 4898 6241 711 3555 7031 5925 1580 4029 2054 7426 4661 5846 2133 7110 1580 316
1204 672 364 2464 2744 2772 2660 140 1708 1372 2016 1176 56 924 2772 1288 2772 196 672 2632 1260 2296 1176 1960 504 1652 280 728 2296 1904 252 672 1204 2044 1792 2576 1988 280 2688 2324 280 1876 672 308 2772 2100 252 1372 2268 896 2660 2184 1820 2464 1316 2324 1288 252 224 2212 784 448 1540 1960 1120 504 1708 1736 2212 252 1260 2492 2100 560 1428 728 2632 1652 2072 756 2520 560 112
688 384 208 1408 1568 1584 1520 80 976 784 1152 672 32 528 1584 736 1584 112 384 1504 720 1312 672 1120 288 944 160 416 1312 1088 144 384 688 1168 1024 1472 1136 160 1536 1328 160 1072 384 176 1584 1200 144 784 1296 512 1520 1248 1040 1408 752 1328 736 144 128 1264 448 256 880 1120 640 288 976 992 1264 144 720 1424 1200 320 816 416 1504 944 1184 432 1440 320 64
2365 1320 715 4840 5390 5445 5225 275 3355 2695 3960 2310 110 1815 5445 2530 5445 385 1320 5170 2475 4510 2310 3850 990 3245 550 1430 4510 3740 495 1320 2365 4015 3520 5060 3905 550 5280 4565 550 3685 1320 605 5445 4125 495 2695 4455 1760 5225 4290 3575 4840 2585 4565 2530 495 440 4345 1540 880 3025 3850 2200 990 3355 3410 4345 495 2475 4895 4125 1100 2805 1430 5170 3245 4070 1485 4950 1100 220
3010 1680 910 6160 6860 6930 6650 350 4270 3430 5040 2940 140 2310 6930 3220 6930 490 1680 6580 3150 5740 2940 4900 1260 4130 700 1820 5740 4760 630 1680 3010 5110 4480 6440 4970 700 6720 5810 700 4690 1680 770 6930 5250 630 3430 5670 2240 6650 5460 4550 6160 3290 5810 3220 630 560 5530 1960 1120 3850 4900 2800 1260 4270 4340 5530 630 3150 6230 5250 1400 3570 1820 6580 4130 5180 1890 6300 1400 280
1720 960 520 3520 3920 3960 3800 200 2440 1960 2880 1680 80 1320 3960 1840 3960 280 960 3760 1800 3280 1680 2800 720 2360 400 1040 3280 2720 360 960 1720 2920 2560 3680 2840 400 3840 3320 400 2680 960 440 3960 3000 360 1960 3240 1280 3800 3120 2600 3520 1880 3320 1840 360 320 3160 1120 640 2200 2800 1600 720 2440 2480 3160 360 1800 3560 3000 800 2040 1040 3760 2360 2960 1080 3600 800 160
774 432 234 1584 1764 1782 1710 90 1098 882 1296 756 36 594 1782 828 1782 126 432 1692 810 1476 756 1260 324 1062 180 468 1476 1224 162 432 774 1314 1152 1656 1278 180 1728 1494 180 1206 432 198 1782 1350 162 882 1458 576 1710 1404 1170 1584 846 1494 828 162 144 1422 504 288 990 1260 720 324 1098 1116 1422 162 810 1602 1350 360 918 468 1692 1062 1332 486 1620 360 72
2623 1464 793 5368 5978 6039 5795 305 3721 2989 4392 2562 122 2013 6039 2806 6039 427 1464 5734 2745 5002 2562 4270 1098 3599 610 1586 5002 4148 549 1464 2623 4453 3904 5612 4331 610 5856 5063 610 4087 1464 671 6039 4575 549 2989 4941 1952 5795 4758 3965 5368 2867 5063 2806 549 488 4819 1708 976 3355 4270 2440 1098 3721 3782 4819 549 2745 5429 4575 1220 3111 1586 5734 3599 4514 1647 5490 1220 244
2666 1488 806 5456 6076 6138 5890 310 3782 3038 4464 2604 124 2046 6138 2852 6138 434 1488 5828 2790 5084 2604 4340 1116 3658 620 1612 5084 4216 558 1488 2666 4526 3968 5704 4402 620 5952 5146 620 4154 1488 682 6138 4650 558 3038 5022 1984 5890 4836 4030 5456 2914 5146 2852 558 496 4898 1736 992 3410 4340 2480 1116 3782 3844 4898 558 2790 5518 4650 1240 3162 1612 5828 3658 4588 1674 5580 1240 248
3397 1896 1027 6952 7742 7821 7505 395 4819 3871 5688 3318 158 2607 7821 3634 7821 553 1896 7426 3555 6478 3318 5530 1422 4661 790 2054 6478 5372 711 1896 3397 5767 5056 7268 5609 790 7584 6557 790 5293 1896 869 7821 5925 711 3871 6399 2528 7505 6162 5135 6952 3713 6557 3634 711 632 6241 2212 1264 4345 5530 3160 1422 4819 4898 6241 711 3555 7031 5925 1580 4029 2054 7426 4661 5846 2133 7110 1580 316
387 216 117 792 882 891 855 45 549 441 648 378 18 297 891 414 891 63 216 846 405 738 378 630 162 531 90 234 738 612 81 216 387 657 576 828 639 90 864 747 90 603 216 99 891 675 81 441 729 288 855 702 585 792 423 747 414 81 72 711 252 144 495 630 360 162 549 558 711 81 405 801 675 180 459 234 846 531 666 243 810 180 36
1935 1080 585 3960 4410 4455 4275 225 2745 2205 3240 1890 90 1485 4455 2070 4455 315 1080 4230 2025 3690 1890 3150 810 2655 450 1170 3690 3060 405 1080 1935 3285 2880 4140 3195 450 4320 3735 450 3015 1080 495 4455 3375 405 2205 3645 1440 4275 3510 2925 3960 2115 3735 2070 405 360 3555 1260 720 2475 3150 1800 810 2745 2790 3555 405 2025 4005 3375 900 2295 1170 4230 2655 3330 1215 4050 900 180
3827 2136 1157 7832 8722 8811 8455 445 5429 4361 6408 3738 178 2937 8811 4094 8811 623 2136 8366 4005 7298 3738 6230 1602 5251 890 2314 7298 6052 801 2136 3827 6497 5696 8188 6319 890 8544 7387 890 5963 2136 979 8811 6675 801 4361 7209 2848 8455 6942 5785 7832 4183 7387 4094 801 712 7031 2492 1424 4895 6230 3560 1602 5429 5518 7031 801 4005 7921 6675 1780 4539 2314 8366 5251 6586 2403 8010 1780 356
3225 1800 975 6600 7350 7425 7125 375 4575 3675 5400 3150 150 2475 7425 3450 7425 525 1800 7050 3375 6150 3150 5250 1350 4425 750 1950 6150 5100 675 1800 3225 5475 4800 6900 5325 750 7200 6225 750 5025 1800 825 7425 5625 675 3675 6075 2400 7125 5850 4875 6600 3525 6225 3450 675 600 5925 2100 1200 4125 5250 3000 1350 4575 4650 5925 675 3375 6675 5625 1500 3825 1950 7050 4425 5550 2025 6750 1500 300
860 480 260 1760 1960 1980 1900 100 1220 980 1440 840 40 660 1980 920 1980 140 480 1880 900 1640 840 1400 360 1180 200 520 1640 1360 180 480 860 1460 1280 1840 1420 200 1920 1660 200 1340 480 220 1980 1500 180 980 1620 640 1900 1560 1300 1760 940 1660 920 180 160 1580 560 320 1100 1400 800 360 1220 1240 1580 180 900 1780 1500 400 1020 520 1880 1180 1480 540 1800 400 80
2193 1224 663 4488 4998 5049 4845 255 3111 2499 3672 2142 102 1683 5049 2346 5049 357 1224 4794 2295 4182 2142 3570 918 3009 510 1326 4182 3468 459 1224 2193 3723 3264 4692 3621 510 4896 4233 510 3417 1224 561 5049 3825 459 2499 4131 1632 4845 3978 3315 4488 2397 4233 2346 459 408 4029 1428 816 2805 3570 2040 918 3111 3162 4029 459 2295 4539 3825 1020 2601 1326 4794 3009 3774 1377 4590 1020 204
1118 624 338 2288 2548 2574 2470 130 1586 1274 1872 1092 52 858 2574 1196 2574 182 624 2444 1170 2132 1092 1820 468 1534 260 676 2132 1768 234 624 1118 1898 1664 2392 1846 260 2496 2158 260 1742 624 286 2574 1950 234 1274 2106 832 2470 2028 1690 2288 1222 2158 1196 234 208 2054 728 416 1430 1820 1040 468 1586 1612 2054 234 1170 2314 1950 520 1326 676 2444 1534 1924 702 2340 520 104
4042 2256 1222 8272 9212 9306 8930 470 5734 4606 6768 3948 188 3102 9306 4324 9306 658 2256 8836 4230 7708 3948 6580 1692 5546 940 2444 7708 6392 846 2256 4042 6862 6016 8648 6674 940 9024 7802 940 6298 2256 1034 9306 7050 846 4606 7614 3008 8930 7332 6110 8272 4418 7802 4324 846 752 7426 2632 1504 5170 6580 3760 1692 5734 5828 7426 846 4230 8366 7050 1880 4794 2444 8836 5546 6956 2538 8460 1880 376
2537 1416 767 5192 5782 5841 5605 295 3599 2891 4248 2478 118 1947 5841 2714 5841 413 1416 5546 2655 4838 2478 4130 1062 3481 590 1534 4838 4012 531 1416 2537 4307 3776 5428 4189 590 5664 4897 590 3953 1416 649 5841 4425 531 2891 4779 1888 5605 4602 3835 5192 2773 4897 2714 531 472 4661 1652 944 3245 4130 2360 1062 3599 3658 4661 531 2655 5251 4425 1180 3009 1534 5546 3481 4366 1593 5310 1180 236
3182 1776 962 6512 7252 7326 7030 370 4514 3626 5328 3108 148 2442 7326 3404 7326 518 1776 6956 3330 6068 3108 5180 1332 4366 740 1924 6068 5032 666 1776 3182 5402 4736 6808 5254 740 7104 6142 740 4958 1776 814 7326 5550 666 3626 5994 2368 7030 5772 4810 6512 3478 6142 3404 666 592 5846 2072 1184 4070 5180 2960 1332 4514 4588 5846 666 3330 6586 5550 1480 3774 1924 6956 4366 5476 1998 6660 1480 296
1161 648 351 2376 2646 2673 2565 135 1647 1323 1944 1134 54 891 2673 1242 2673 189 648 2538 1215 2214 1134 1890 486 1593 270 702 2214 1836 243 648 1161 1971 1728 2484 1917 270 2592 2241 270 1809 648 297 2673 2025 243 1323 2187 864 2565 2106 1755 2376 1269 2241 1242 243 216 2133 756 432 1485 1890 1080 486 1647 1674 2133 243 1215 2403 2025 540 1377 702 2538 1593 1998 729 2430 540 108
3870 2160 1170 7920 8820 8910 8550 450 5490 4410 6480 3780 180 2970 8910 4140 8910 630 2160 8460 4050 7380 3780 6300 1620 5310 900 2340 7380 6120 810 2160 3870 6570 5760 8280 6390 900 8640 7470 900 6030 2160 990 8910 6750 810 4410 7290 2880 8550 7020 5850 7920 4230 7470 4140 810 720 7110 2520 1440 4950 6300 3600 1620 5490 5580 7110 810 4050 8010 6750 1800 4590 2340 8460 5310 6660 2430 8100 1800 360
860 480 260 1760 1960 1980 1900 100 1220 980 1440 840 40 660 1980 920 1980 140 480 1880 900 1640 840 1400 360 1180 200 520 1640 1360 180 480 860 1460 1280 1840 1420 200 1920 1660 200 1340 480 220 1980 1500 180 980 1620 640 1900 1560 1300 1760 940 1660 920 180 160 1580 560 320 1100 1400 800 360 1220 1240 1580 180 900 1780 1500 400 1020 520 1880 1180 1480 540 1800 400 80
172 96 52 352 392 396 380 20 244 196 288 168 8 132 396 184 396 28 96 376 180 328 168 280 72 236 40 104 328 272 36 96 172 292 256 368 284 40 384 332 40 268 96 44 396 300 36 196 324 128 380 312 260 352 188 332 184 36 32 316 112 64 220 280 160 72 244 248 316 36 180 356 300 80 204 104 376 236 296 108 360 80 16
