974
321770
357044
364601
857696
787366
817545
513341
743846
478481
601122
182747
564465
86630
500457
52973
855801
377059
946898
986402
741281
221272
244965
391325
267800
502178
310676
758868
713221
881206
399473
321194
202975
756516
202147
577022
60234
19691
606715
320431
14523
207836
19529
578987
294465
36337
148311
666617
413395
611561
169371
154676
349184
414335
62352
616984
432864
373027
892203
146085
254232
808027
983630
973558
564542
185776
66931
141127
721818
673645
461558
252692
881480
997438
348030
692297
33775
12693
875265
447169
624253
560987
118196
489788
975322
180547
623123
924537
69925
515325
70621
324156
839703
54251
297713
404245
756378
880996
545371
994548
554640
523280
247239
952472
520718
595269
161120
70844
607961
36384
518012
748565
113723
152560
754704
605396
849458
377827
529932
919383
409503
600553
243538
249206
171155
57603
169802
927532
938598
231524
438431
9589
271156
685670
962060
791873
797290
639531
379068
921602
192267
413431
186518
305989
565990
941221
911384
415448
835399
441315
334830
761254
558219
94719
10459
729373
152321
696612
173257
607270
928135
611687
133211
199290
813708
611622
507514
127349
251153
886581
48950
443419
300012
751819
265759
382353
209392
177142
797800
44790
134808
648981
806043
693027
743700
332853
938751
412372
545816
112007
535994
473951
240046
669204
189592
53753
797177
697106
181102
48329
100038
746403
8099
916401
498222
273857
298754
707613
967350
612905
752402
102158
261886
74797
311536
521937
924001
250286
934308
469817
362293
986653
460119
602338
172208
649710
172442
969385
863167
353543
534065
963205
99946
58516
879605
114519
848724
694710
822131
816074
307615
90884
434583
569500
682032
746118
91436
122385
512755
542095
592201
391399
45100
52319
993736
217307
218380
682530
703043
81547
552424
753460
44751
168721
811975
440707
283239
177050
135417
621721
993123
959383
228957
944057
528882
910988
206526
136669
33372
719281
195115
141924
110679
756566
710594
620767
973873
928974
819648
193267
526872
372071
946726
87974
540792
275052
528680
340382
452102
180448
962103
961576
139830
191059
905633
185063
618398
628510
838083
168122
864142
549550
310045
491173
306115
20639
628291
796339
465964
447938
989606
992835
336360
452683
80808
877151
727735
125839
733885
179836
822639
695987
141411
962468
403397
563395
663883
538146
708257
18317
706267
572398
567866
16312
63570
873981
553302
691860
186671
535617
656149
176276
528451
992509
145311
125610
386011
873045
251448
119895
569232
74086
332233
226994
552906
251981
790389
733140
790127
498645
751456
496393
587394
835674
29056
167316
226006
98709
375527
412676
634325
31676
105304
679127
540536
250614
804736
926546
123658
572536
562793
209241
162973
411377
436234
232230
663358
226622
965369
969836
241618
233177
982580
829012
585202
11636
996327
811207
626696
888205
223882
261021
919880
845537
940147
460415
96150
261235
903313
736159
350122
982457
945399
513094
393833
381633
261676
573542
124606
743396
543377
366224
976572
525957
711587
78125
53944
224265
889331
196991
112469
629565
458011
548701
475101
914510
525467
87603
692096
428779
823761
42217
927587
285512
71662
321420
667144
333337
894961
791749
593085
954690
674324
86008
996998
385910
164133
567293
126526
53463
764283
755347
199379
738646
304047
674480
653155
829513
278434
861602
774644
102194
420170
702230
387705
491831
540001
571200
341520
951314
362949
934604
906003
553624
20611
419352
455886
184743
502996
582411
754558
267278
337757
953936
522275
641803
144767
691781
987668
423200
553382
762311
41746
973551
980892
945802
981734
520893
517002
323253
472206
396302
774208
894560
949925
311170
830263
405810
12265
333258
504573
766822
116887
358681
237109
639162
516836
898228
330942
504503
837779
400676
783165
879524
374226
764056
825326
355959
801300
858679
195563
789857
254980
486122
200768
721256
797292
547382
643418
809556
880639
147990
576377
513878
23022
329837
669391
539857
228064
332
44359
582195
917359
343875
461718
291585
624283
803395
163895
425582
662073
875810
731791
433404
361931
932558
671012
159222
479940
314429
968777
876930
978770
61505
907159
1791
907694
576549
541648
135757
576881
102358
717951
494239
446233
696021
302175
70515
15767
982422
12448
677840
858231
744238
627595
736513
193148
298606
895735
673087
129386
380863
66368
108155
442368
973527
626298
350061
550075
167945
2169
643307
786654
236472
653898
749238
448844
956072
336104
464610
454845
348552
658801
313075
92789
802748
565940
285936
101353
461674
475374
747091
842536
541742
855245
801255
31620
481542
667667
581694
165838
186188
225001
468844
939011
395250
218081
387854
867673
554185
368815
322518
902736
27616
151944
511876
346715
717883
314164
448067
695908
305889
711509
54796
363982
566754
856050
395601
564647
40069
493647
246837
742608
234999
715680
681618
630248
933760
585823
497920
4296
954637
336789
907031
498604
5085
935259
845318
722967
765774
809737
418875
588014
521245
473670
951996
604350
846071
863948
685349
402491
357594
932185
145098
108944
647864
826715
739191
97975
928889
753463
102271
399878
606603
525653
414833
611687
977263
776503
334654
743036
586239
269880
331050
623835
259901
799397
744537
622323
663344
429885
24814
537290
878421
169911
646233
526284
512978
901776
140610
441866
171590
242880
358095
778192
768533
772928
389879
262147
549430
240884
5183
652020
27115
852584
792206
803367
168332
536742
425689
831675
482978
966854
885316
361398
136765
531549
404033
166094
949676
544643
124311
121265
303874
482406
899456
588758
255333
805686
850905
804762
562921
372439
456781
106387
225022
248986
909753
909705
302080
335442
741379
785057
302295
626695
662807
955411
674595
66839
637856
140622
127833
762167
261886
431707
244572
677693
536816
499904
999731
387720
821017
562651
276510
277797
669038
17883
526782
95142
927587
828861
946935
185318
130270
249230
812012
793076
720992
2958
376266
358848
143579
20451
637366
921816
968509
881937
115860
505324
898192
115590
409396
719208
194593
685905
997004
379982
703788
40137
475123
147726
385350
422058
333043
515619
187639
661406
825046
908630
180715
717663
783829
840645
738113
937546
762460
706621
819482
878320
728297
234025
510261
137692
953232
704853
339948
466587
84834
560087
506724
559957
707813
408425
498366
557207
440395
686004
218613
781792
110985
399327
499454
411166
239972
753919
348711
518783
460539
684545
397102
705187
918569
423715
359230
871801
128567
699178
338387
729753
775616
361462
806061
999780
286238
304426
556987
726632
990429
775599
508423
617765
691277
524229
28930
931248
278147
377641
450031
255037
62185
363484
960224
980753
787198
319453
368905
432117
534982
223644
678221
310598
585105
484281
310377
387695
788706
867363
114326
295486
159313
139101
913250
850590
663329
942180
