979
258368
213334
408920
573684
8345
537532
355812
704672
384004
48789
490397
589183
413048
209763
140221
992737
750638
405934
925652
41751
306873
754768
444466
933234
704048
450342
773160
148174
800152
835992
131153
574871
565678
540072
664907
574022
593955
20718
278693
494311
585858
285442
599845
515257
11556
740065
507994
762193
662350
433645
320295
969223
704764
281112
418808
408812
731453
191968
73337
47957
544311
204489
139179
109988
260913
804085
200362
371219
341155
479054
865529
443364
280847
465373
958621
292402
205437
982966
54595
867787
932962
891241
353361
637725
172353
772168
562888
420157
480487
152577
984465
541150
873417
123644
167489
134329
444080
367850
21900
301586
363256
887428
744950
644102
869153
219922
936504
74589
202887
507450
458727
652200
398690
812087
806276
571042
100607
885516
507551
97445
38092
492015
638594
911508
615658
806083
562189
576090
690284
584088
877675
53539
471515
622624
213993
340667
358897
150496
931608
561783
657945
390334
730334
572986
718773
536610
660380
819379
422125
167930
916823
460216
659944
71769
888075
791954
394203
450263
368043
84486
34350
762069
654377
505865
901045
868369
362883
259941
18864
294490
338076
193160
684824
68409
766145
919948
605018
426524
739326
543494
110805
172500
520061
770749
244268
408136
79054
638470
858398
963448
239308
892748
725516
893684
398612
626560
762052
277846
886501
297267
572336
740928
6778
773511
809336
289274
693458
930706
232150
949135
474199
342954
121634
994260
630054
882254
918747
709107
37075
777144
672554
276382
669891
914422
686417
584854
540981
964820
862700
943833
262086
951387
684760
785215
241249
10448
74489
451058
941153
306638
400192
931703
649591
38177
442314
279645
920430
361060
505103
957505
138204
177657
750238
324446
608430
436655
425652
149410
401474
804703
609595
179912
756089
294354
965126
513689
821153
555966
964746
762305
862603
881289
210360
512194
919465
652673
308190
839895
530085
813292
313751
184640
507300
63988
509085
115729
16994
934736
781491
934820
739438
391085
114731
11878
201790
596208
525566
22943
152174
6663
301599
531128
887951
511958
43321
807416
680983
867862
163662
211067
197506
993764
395706
704805
574103
421142
336886
591097
355878
634728
525916
611667
25812
156998
139897
743953
269557
181814
283247
938082
188477
101198
469210
76427
129507
512530
883842
810489
896744
563855
21555
94249
557618
933612
315405
131721
354754
652290
239169
226983
287017
281436
355001
829180
438433
494897
89485
224341
676711
372731
162423
865187
990280
631632
941613
119787
660513
341807
930275
557256
422013
468182
167856
979631
401793
483261
627703
272898
135550
866871
499880
938919
664658
854881
768098
103090
866129
373934
843782
542839
746665
6204
924377
253296
154187
382342
373082
814700
240500
303357
888307
662512
287890
56163
158494
689682
539423
302548
962580
191324
169418
978811
130242
834075
833691
414692
453516
216172
788625
297298
759010
51641
819853
199739
304937
974040
582080
194370
305091
338931
497726
193397
1442
785615
765911
676288
991649
821685
978835
470580
13009
664605
449390
659602
15031
799433
590645
984899
15604
895622
282196
290965
463614
618400
490703
284902
592439
589134
479272
413881
928064
976997
607278
445858
278964
889540
122145
786964
711225
100979
257543
240585
281935
706932
416538
296966
506364
7183
281864
38319
419156
80411
329284
882769
698810
336338
167671
807601
925472
646942
737833
369887
140290
345110
815744
935605
751002
454240
722568
462226
71571
980110
702810
353505
203394
119347
166822
226109
642881
448685
264428
62036
45447
593711
944805
260609
930048
628827
584561
371871
275768
322393
258110
932409
183855
73853
868014
934856
44445
106933
397081
632367
603395
616242
502223
806788
251940
669045
32896
894821
634081
813675
473208
679528
923737
418012
940136
853785
563190
41048
742007
355309
363440
116
287718
547294
590321
672083
482149
151117
779015
395581
783483
898761
528174
285705
705548
780114
954749
254796
674934
588830
584822
148141
784709
508559
82505
241196
878695
645694
282243
620701
1003
645682
137169
805072
709328
243841
477154
707828
394957
772520
103409
178439
187633
631582
464143
893180
928047
935244
664327
119332
524073
765501
267473
825133
274059
866329
66328
152753
28374
348570
289805
545728
510603
943325
350799
219930
187165
344304
927758
582121
633176
547518
760559
820808
695451
741054
230339
623498
676297
411018
742829
200369
176518
526653
541853
450576
909333
608180
119680
937707
473101
925836
999786
983703
869161
350585
719985
56325
211240
164094
638446
360767
711611
915356
181574
407061
656409
928265
30558
332705
339282
289739
49425
515799
816391
591277
482726
725724
715808
118757
179782
188908
44592
179567
688963
430104
46503
408947
486429
257743
573040
641226
618509
801002
72933
316435
208062
729342
244699
754972
578398
100332
561062
627823
132482
377452
735451
615207
619527
451259
250315
799308
156518
811258
978875
845480
241362
541729
770778
244142
799471
860169
401719
934332
661170
474651
767118
385584
720344
11816
656907
298742
112147
217968
442916
760980
595419
178366
376186
214946
145976
142852
530605
302494
954109
25831
664325
195470
567560
435103
439611
883382
295271
841329
817713
956441
832332
101182
858376
552675
629349
515282
367768
257847
733249
810683
18826
328667
505401
395011
59964
167728
54214
106921
986573
8323
132751
650898
203792
216662
86000
159755
100044
897622
517435
434108
370414
349766
535290
228789
418793
164638
744070
786560
422485
477318
113595
441310
322337
135347
352673
898652
303074
406886
5572
289647
415208
654675
456896
135352
871336
542895
295106
487731
440516
328892
921839
810930
678658
973480
556070
97450
138117
300140
400361
76953
293809
513955
34615
616145
165653
387287
31149
468727
310524
553072
274725
242084
207746
731620
377435
595434
790866
188892
599516
747733
517783
521354
75014
712792
494833
631084
810241
149302
447575
726954
742606
741383
757260
777220
873880
922913
680858
905028
907991
991382
458099
699067
233465
182197
947038
127251
293982
737903
316142
893497
1987
350276
931203
77001
63068
942387
224436
389660
608040
672010
116613
350646
929744
873873
644217
803623
313137
325075
225002
221127
316456
199453
920193
549920
898001
867230
677170
191982
121484
509663
601830
123470
859938
49384
716822
923005
508123
457609
829017
116162
645970
945629
983159
575714
335853
627376
379336
648989
952450
604338
870115
785257
803790
306659
335176
218142
173888
528697
410123
811723
554711
528304
935193
414648
94040
168366
854005
602162
625975
683021
718323
271944
145001
217834
364009
480854
845209
259697
646194
314010
864034
516309
99266
184175
339319
950793
402316
513207
995841
328790
324929
550551
373445
776473
965198
467484
461191
335554
69645
603517
18574
304320
875460
679927
522153
755821
677132
883713
15517
323325
197722
