944
670372
707220
938939
808864
708310
223606
654062
967598
166509
352326
740987
958838
403987
580418
479847
407746
721613
441821
596545
349022
893635
298357
774896
663620
151830
845519
679456
280846
158475
163937
84141
345198
387508
539431
154061
95817
279389
324474
579766
962249
193151
320752
921086
597138
901169
917284
521235
622781
875456
117779
488155
769090
932488
263050
949061
600669
108568
628516
881515
783394
308804
482007
644943
696312
21438
315356
792128
300826
156181
371894
263074
349332
208997
700512
462821
626518
617795
984055
765650
493251
618185
253804
778692
550672
516853
727753
151341
141773
872620
549207
441518
181424
31213
86461
877735
52650
401816
186214
353475
74348
558107
132901
423679
283456
833412
402851
909973
967558
903257
675622
460808
521442
929426
239500
588465
962630
483604
256157
104402
356223
321715
545920
53998
352928
148732
931732
921929
66899
117946
791756
141246
192404
924656
81277
992211
274419
484127
902183
241976
903736
94157
219136
941529
539934
458635
46345
502563
458590
302502
606965
331164
140568
669236
385162
493495
817967
833245
931776
884865
467542
723531
26110
176298
164538
107386
168508
955308
107865
587043
197283
527952
681199
416418
469480
221132
391404
515824
723694
366345
334677
847010
697509
475245
516245
599022
485091
850563
948618
416866
735427
932512
656748
277889
108809
337637
901626
793668
292944
525842
380710
6579
53793
578260
422996
39624
315743
330752
555448
555789
697096
406476
402798
394604
881720
435395
509977
883163
802309
458595
816380
54088
907458
473128
331976
16266
327116
749953
809933
136412
792147
706995
142990
362291
285254
82337
401915
600997
413088
473714
673137
110184
880189
75934
21139
761909
27680
531116
645071
829989
506062
461450
400428
413519
450929
248755
946136
294397
998707
272420
430808
307205
979414
573797
669496
781020
656133
71410
382016
585573
545123
55152
695756
425311
647437
716894
703571
191469
764361
864993
537809
786774
842795
938236
716644
810075
186990
662779
104471
702048
935199
535278
9253
430964
625426
678748
211983
797911
266509
110350
383483
327983
165501
79238
753293
329290
312483
973216
37110
593196
838208
574918
379969
197354
29505
612965
7429
216494
275743
111899
434893
727293
647177
444145
158257
788954
639244
370239
586864
422104
996941
486698
750086
678793
565935
503379
8082
394770
992946
561543
987965
347505
136460
884285
544859
682316
497249
552287
415161
289344
664185
850054
16636
827713
810550
691244
616667
449794
577835
719882
871897
574775
206580
621983
253567
288866
641713
778001
683635
151010
339543
187951
498514
992355
72236
43372
674670
85836
595658
89831
375179
259843
456236
391815
603907
266785
599410
736925
232930
177244
456807
104827
268370
179738
243161
521937
468603
401225
299937
668590
552234
155831
372892
50747
148185
445127
94119
339207
47315
206128
429037
422493
982322
401624
330659
586229
668408
930069
839505
901338
107312
812663
522516
375682
992400
282028
413970
977355
683252
230258
162296
751837
386088
535187
318935
50625
496666
929405
389831
543980
135533
335219
966472
117854
736842
297131
220434
921601
227199
576291
822938
850862
388953
345453
742895
381353
143832
673216
875059
343435
903473
37354
95271
805913
572540
930558
856537
585557
859962
762719
129536
995494
614289
96008
629700
867482
909490
366485
789082
653040
942775
612020
20253
331728
473824
763148
229432
617656
952715
104490
961090
372540
658195
572713
178452
747086
503270
551340
332643
879583
314058
462178
875077
444698
74537
21128
312179
500378
903964
101260
153417
846739
229631
173670
694818
703455
453169
440601
837462
922235
61442
314903
294774
719636
403967
473225
466721
907236
24564
799363
786819
854973
777893
178247
816022
852429
715726
128200
352807
619689
745812
22575
982779
975442
712596
193948
195248
165764
634548
32709
87999
212341
347612
382772
931976
267930
372349
915049
691518
913264
714411
994688
284589
492303
172934
100610
861084
405011
228810
730242
541051
974621
752816
40182
466414
465412
234129
661662
147527
385029
694370
751877
597369
558333
651001
45697
826263
23349
960745
34132
452964
675155
28819
737552
683810
718104
838162
61245
123114
583323
791486
664164
74295
60653
704345
540708
42416
454826
202369
706295
356206
413091
458171
953574
487775
625523
515622
830389
648871
476366
864520
618187
667873
893338
355738
868034
611441
193899
929278
734554
777221
237115
915070
851515
297767
135766
392223
856535
106943
110943
562829
463148
524033
537351
933074
11808
162874
448695
842196
328096
441413
706716
946282
109285
116405
302020
493670
727846
12270
422947
978751
789491
176413
893820
157357
990531
545938
65931
847065
652880
176874
409893
632380
217258
463596
565453
229065
626469
530499
587613
954564
488263
810680
417198
597547
927084
719217
91216
171281
731486
30514
150032
37328
206926
560203
194685
197457
622492
260615
560873
791724
437488
970766
424103
654746
950713
505907
400162
577181
552757
504126
48096
41020
314805
465293
638566
758241
700861
246134
445873
432347
792999
112256
986026
516277
672459
180710
713733
811302
957677
274605
603025
395164
761722
27127
566261
228786
49385
482775
805966
602142
986900
854062
643161
818057
835706
798078
92649
536567
560563
54873
485265
353562
167129
471290
386190
839587
168352
99922
650888
126028
890878
770265
37543
168952
797391
120156
397737
363128
602930
720055
965269
106181
90468
608429
440589
926173
922858
49589
979091
483421
104462
464355
353334
271590
451997
739523
627528
620348
355796
794767
746375
763025
565031
783917
448328
878774
904072
362417
241901
23353
82471
207169
645886
689290
331949
86474
131814
771158
652415
110905
770930
756876
91611
124263
28465
543607
380137
172344
680306
252284
967110
426680
531661
532141
726949
979988
410914
147372
858756
652814
170725
941226
376334
332962
146867
224634
419435
278681
995791
71849
389585
766721
345076
997547
407335
889892
541154
787472
62235
221459
556107
29345
164491
87767
561485
891439
67755
488750
555162
926510
141563
725886
384088
34248
575199
530954
258881
994634
325986
254671
582834
231922
537743
927910
229469
945078
334153
770622
732549
396388
508432
805007
425732
672922
892774
503568
80712
476880
992317
635874
403389
650231
878111
303828
684478
453310
351134
459710
964295
193471
230732
63480
425393
768475
507741
654861
713552
841894
425482
962452
238281
450265
767458
180364
639539
176583
683931
720250
653462
192599
872475
573203
842829
750586
877030
43658
720247
744515
19719
684541
937986
250450
748020
363378
535276
772113
18238
248827
614006
960071
727630
852286
410335
11440
