847
804640
826864
316070
33900
771550
607984
220779
869053
727053
948316
960984
290370
863968
68774
52827
645520
346758
480992
739899
510805
312095
20769
1908
948343
842522
579769
89943
536890
262920
818330
691736
67560
645193
7805
617811
933094
615788
838589
802147
859192
786904
279482
149561
167223
348255
718740
329094
695013
716083
68992
722169
28177
89761
724076
976520
448634
303844
582814
985523
83116
917495
677258
150675
562688
685062
284837
12133
817201
639778
814279
676392
426681
93760
342305
110256
958367
577396
439349
169731
293478
24693
408251
838007
630805
132326
814526
79438
952521
913691
64960
35636
831186
258569
702662
910225
459982
503851
922357
277182
143628
252988
469925
86660
346747
812229
713267
821465
389624
152616
507547
199454
177308
915797
37460
324464
48122
368337
403901
516995
282027
985212
68982
113212
243780
287996
539788
220113
791846
462145
13646
451825
715132
483570
538484
578230
812151
251751
916047
201774
920718
423593
917579
614377
339390
955038
938840
903863
323374
859092
420857
121753
844303
6191
234964
604434
294186
291104
340898
602383
753248
354543
54207
984731
838112
109042
79312
650262
360792
995358
368388
797861
418951
285966
928589
758340
757356
383780
662202
80729
242871
599411
202481
603525
605601
953797
724310
416138
244900
65207
18520
514499
419749
72726
15581
774213
181767
94892
940826
58911
90250
825565
373123
509200
627883
818064
267539
385238
201843
446092
982318
961066
45502
701151
564590
167454
171299
288900
583591
932550
870458
602110
447048
806559
191187
462628
580771
889306
73871
37948
464568
164120
863513
837690
189671
491395
655753
973561
392984
857596
419653
375301
335013
981506
76451
899602
665312
247749
704853
248902
180298
575311
367364
143697
381869
74902
122676
478991
964207
196547
516938
428774
877018
896802
782816
66689
388196
438568
40249
781179
812515
976253
672832
147527
474111
265634
563481
139422
513383
268333
904675
210032
359995
788390
870081
258215
863292
992756
737205
343850
705654
770495
288976
99024
667296
71791
165712
55492
26710
722312
353022
355577
214917
542205
19455
689027
807839
99287
344800
321221
883972
249474
47604
243966
37864
917684
502181
417507
426792
755737
277708
648797
526231
566683
747820
193527
638473
429883
765370
181535
668547
634743
53463
883463
176948
72917
88841
984786
172204
433640
822358
56175
199465
869961
816492
753680
303997
835024
171186
247140
107113
965246
412288
633343
531928
676460
343221
686753
622694
108590
868287
807592
259685
438101
207406
436632
511017
296246
421417
199572
246237
243774
772098
445702
630086
104942
715733
450434
939965
886919
213925
47077
368516
626213
196772
900443
819024
539992
587195
441717
164934
971833
249309
424618
409933
456714
861249
437302
269312
799017
636873
515548
559142
925323
477601
189227
30264
193334
156013
486580
596604
369937
533657
965119
512501
246780
865561
847876
786771
969108
805945
951704
457292
55253
892673
383577
28318
753921
820878
297629
552937
974102
329529
112078
899424
323481
817657
446039
516814
490021
932619
629769
376309
982627
594887
888810
229406
976800
253037
16176
462259
58981
484232
919550
630585
376904
303126
658903
647177
124003
472883
716465
614457
318763
344895
30232
642244
678903
476271
675409
168923
408889
305178
545231
391515
900064
950392
620920
393215
203429
153447
855473
262409
154030
291375
892994
530934
110852
68248
178110
751207
57482
410926
365663
376245
755820
395894
534840
434722
872164
210248
603644
797404
515425
665227
705270
931841
615618
842541
841407
335398
995988
213232
597807
150017
504606
7152
197302
615457
591751
891763
366663
649232
302689
732325
541828
574860
644571
76667
525934
33086
286915
645929
830490
318691
311155
535759
766883
443125
894652
608290
778522
890639
821521
892680
557007
842478
416183
270661
974286
7933
162423
340949
173517
981463
589625
715344
556323
750547
792011
82256
783633
595277
728184
614122
430319
39339
666232
197202
482463
560883
321843
777336
967873
659715
670016
41232
502192
86198
311892
476477
94131
990666
333777
267647
972129
439754
982990
528451
190300
291352
610706
973932
402980
855241
104405
833299
410931
286989
546852
409745
847871
868694
187081
332096
44760
857096
889679
546951
943293
201570
539779
553775
192235
389908
821421
164363
829661
320763
209165
536312
128466
336222
510244
531446
191463
131000
881096
118745
417988
427947
528490
782211
812992
715570
114306
857751
572665
520336
921053
515957
721905
977183
586084
430491
367090
407504
111206
713102
244618
836722
765766
373084
172944
276009
420881
880758
923360
818328
999502
341348
246274
527991
123558
59265
243560
754215
433367
332576
274550
354419
364885
512806
331601
950968
459648
215043
874823
87205
444496
119441
923927
210261
8876
96870
2621
946108
493979
925981
764435
493480
267328
527060
537823
907237
102676
781382
661451
536042
630310
452352
406812
995194
481509
738412
946161
941156
469806
820983
28361
430654
456775
468639
640914
465650
565508
159887
928109
575838
85867
692543
69317
869546
219602
123491
776782
322277
904873
954584
374670
51534
923287
781481
46727
404795
36245
992887
862302
506050
330221
407014
936703
786996
875652
93969
768997
957511
253855
697106
533348
856073
389648
119017
725618
125602
242507
18751
964230
663731
973334
338900
715264
412972
120380
761990
334118
156624
271228
196419
179026
601449
119785
632080
904796
995436
242400
673792
469299
496254
370897
518998
352326
276897
638014
594295
402498
396873
613045
883079
576955
102730
221978
292219
515701
858710
570560
849818
531685
358140
562589
227062
475940
682373
859142
380735
194160
101541
570878
663458
114147
941775
182456
982824
735023
336821
577119
137520
250045
706515
536950
827000
809245
275280
635570
841297
133989
722481
691115
665673
596972
770055
409087
72911
452427
268228
969997
646586
886120
540875
826396
516618
999001
525203
15794
734023
378375
592912
387894
