247
500
350
314
348
171
485
192
229
165
130
245
129
175
14
535
81
82
36
95
232
190
93
220
221
121
176
244
228
32
254
244
40
239
266
279
426
294
332
76
294
101
189
120
242
147
80
82
168
32
10
417
119
260
160
91
314
68
256
190
196
43
221
404
596
366
389
67
192
11
598
181
533
334
610
51
414
179
515
285
194
89
176
193
510
100
124
434
287
53
301
400
37
21
369
82
17
13
2
321
135
117
233
39
277
285
83
160
299
389
474
10
310
77
139
448
376
333
121
235
54
528
303
126
224
76
77
272
346
84
213
131
59
15
124
271
274
0
124
216
3
70
241
79
128
172
544
667
84
15
25
84
299
131
314
519
120
292
71
618
34
526
389
42
0
318
138
321
48
6
242
197
135
553
185
48
298
44
273
441
428
151
231
209
259
201
198
106
212
498
107
446
303
247
91
23
1
3
184
220
57
126
331
505
264
229
445
136
191
192
309
293
95
193
550
305
1
45
6
165
80
73
492
91
23
122
56
124
387
107
210
257
49
58
387
188
76
523
34
138
480
16
160
519
70
40
79
72
5
285
241
41
59
12
10
411
152
507
239
248
277
197
402
114
389
200
199
104
71
262
101
58
415
185
89
226
94
481
331
296
109
286
249
167
22
61
175
4
327
103
425
322
22
223
399
367
392
219
105
321
264
300
23
63
181
579
311
259
30
225
119
520
97
186
494
596
223
512
315
112
22
376
312
287
353
78
463
311
502
15
480
34
125
154
11
236
234
33
13
443
364
340
316
288
10
278
245
528
90
300
289
4
97
585
151
209
72
248
290
178
173
134
148
497
346
54
68
289
226
299
174
489
65
210
471
187
504
442
570
588
74
221
376
421
114
209
127
407
92
209
30
58
350
578
94
303
264
209
159
21
384
382
1
371
96
112
16
55
78
117
289
121
549
237
639
269
413
200
297
116
184
405
207
40
325
458
13
300
23
242
266
423
215
494
414
649
384
133
279
319
361
389
14
358
101
25
19
426
612
226
16
44
69
101
268
68
393
460
456
192
263
132
424
251
334
48
17
12
24
402
315
392
335
239
557
266
13
51
61
6
106
116
301
16
287
473
54
320
168
227
596
291
204
477
124
473
448
245
158
43
43
271
171
360
68
43
424
116
12
92
92
21
185
127
131
292
218
171
456
3
122
80
312
547
442
342
152
226
22
232
31
283
43
479
2
247
56
206
297
267
11
302
286
78
77
450
101
335
117
170
86
252
225
426
129
255
386
256
84
501
82
196
159
177
141
96
143
139
139
211
0
23
110
79
151
201
243
442
86
69
55
106
337
76
245
12
381
483
179
65
328
395
242
560
444
63
5
256
171
33
210
41
8
172
77
377
64
686
32
357
200
140
220
16
34
77
237
12
600
103
574
656
5
143
322
204
53
278
201
240
96
283
128
104
320
252
114
79
406
459
296
512
304
131
55
114
66
84
76
537
193
375
221
222
184
94
359
168
152
93
241
268
345
510
176
435
390
204
312
204
149
259
372
106
55
313
516
62
353
174
169
152
422
368
379
89
30
45
12
530
379
3
283
88
267
174
223
182
28
141
210
106
226
415
35
230
121
249
39
313
226
469
552
11
27
438
528
103
428
312
607
50
272
36
346
71
203
88
663
219
231
276
65
32
54
312
452
264
90
510
60
317
78
386
352
271
124
110
206
52
424
534
69
199
258
34
104
185
420
151
141
236
113
306
53
105
394
402
93
71
436
407
381
578
15
95
380
360
60
8
195
259
380
228
65
381
564
594
152
284
365
145
48
207
137
30
46
400
185
457
91
151
205
188
103
8
0
412
308
187
317
38
293
15
166
219
453
515
72
163
154
50
21
394
166
316
44
150
448
209
318
198
41
562
105
254
34
160
45
180
225
110
334
68
163
84
37
258
29
219
294
107
173
149
98
58
326
265
335
270
249
121
320
264
403
331
8
469
4
439
564
152
91
449
178
403
264
227
40
185
193
451
218
403
285
51
285
214
92
162
663
255
336
17
475
341
307
303
412
376
341
140
263
250
97
63
578
210
363
107
548
260
56
24
344
581
141
553
40
393
410
5
102
80
217
191
20
262
441
34
184
83
176
137
194
470
171
203
338
331
338
149
100
447
8
98
236
102
200
90
19
124
130
181
105
8
220
54
185
355
367
218
3
444
5
315
108
88
197
3
247
131
72
61
195
310
514
383
95
79
25
198
365
110
126
287
188
503
403
51
71
535
112
476
180
232
99
262
8
372
376
139
67
206
108
518
128
60
303
325
164
184
267
17
90
294
291
150
386
481
47
84
305
65
115
205
242
349
92
335
584
569
404
173
419
227
410
126
372
622
92
38
266
412
166
8
162
490
77
467
21
204
196
55
231
439
63
121
93
134
6
37
103
6
313
155
28
244
270
207
136
50
443
321
312
27
266
13
143
289
288
442
174
333
241
113
138
34
264
40
84
175
457
154
306
208
251
111
258
605
12
113
52
536
522
197
54
83
118
56
103
118
119
13
150
415
248
113
290
46
463
131
499
514
373
21
56
295
74
240
85
303
55
19
13
286
67
455
50
589
110
48
79
53
565
0
474
456
94
115
74
269
271
462
98
176
440
527
283
186
572
201
18
200
409
389
526
32
119
241
466
144
160
520
21
341
323
401
127
229
180
296
15
143
239
475
347
152
158
58
115
493
325
463
605
451
133
204
84
44
112
188
176
516
91
167
501
262
282
209
497
473
47
505
54
41
61
357
501
176
237
191
47
258
118
58
366
108
318
113
86
136
1
7
180
317
21
85
70
569
120
169
215
28
166
19
173
586
432
82
99
75
273
130
648
427
419
60
173
126
134
145
161
484
281
443
266
333
35
181
55
164
337
128
587
70
251
667
426
2
216
116
239
71
55
45
55
170
154
143
164
309
465
125
200
160
82
83
276
388
366
77
54
101
578
78
363
63
72
282
70
289
334
455
16
117
372
331
326
247
48
461
189
46
261
77
420
557
172
182
86
29
29
145
219
355
46
267
413
321
10
82
63
158
330
160
182
33
242
178
19
443
560
6
127
275
206
233
440
318
160
96
294
401
591
212
98
471
230
14
225
345
94
521
513
121
176
93
89
73
322
230
398
377
124
242
10
89
112
21
272
15
94
122
430
287
238
115
319
308
32
64
518
387
96
147
347
151
185
138
45
468
226
54
270
17
131
154
360
290
192
212
177
268
370
458
249
274
23
111
497
475
30
341
162
149
216
8
468
57
43
331
387
257
150
198
128
168
394
143
238
40
130
430
348
91
322
260
472
34
30
81
220
141
348
378
103
63
5
199
450
84
101
516
138
66
2
180
323
194
40
191
562
269
241
385
306
263
370
114
353
408
377
468
206
82
166
404
494
90
189
19
146
375
601
449
236
141
219
139
335
140
31
220
383
33
331
183
135
581
8
138
82
33
329
174
109
17
278
368
458
513
317
544
276
60
219
536
15
590
416
37
279
280
378
164
488
253
334
390
89
16
457
308
577
370
144
125
21
77
317
184
367
184
265
605
73
564
425
278
286
76
613
273
62
128
75
207
199
335
576
0
374
222
47
18
209
167
52
90
6
36
166
238
153
239
607
62
13
42
102
188
302
492
348
281
421
347
356
268
499
178
58
275
349
85
146
303
370
300
123
210
214
358
87
177
168
96
69
8
232
189
335
232
514
9
283
154
587
116
135
11
44
58
67
176
3
214
155
274
3
146
309
454
147
64
384
190
149
639
196
276
327
255
286
2
558
196
215
308
240
319
127
346
102
282
235
442
253
55
327
9
171
42
277
87
80
297
315
67
296
26
51
8
232
164
0
212
181
168
120
358
163
59
143
113
492
342
182
17
135
88
144
97
245
161
167
180
233
97
257
206
389
549
392
140
602
382
88
38
2
84
163
262
304
3
276
215
83
73
533
227
389
8
154
354
116
44
32
178
375
202
360
438
212
371
307
5
190
94
515
118
322
34
181
272
88
291
128
148
256
227
144
470
30
105
17
458
240
220
187
424
7
348
12
248
528
20
445
39
384
434
401
200
54
543
302
121
359
308
71
235
58
151
200
495
17
66
142
148
28
55
255
3
271
126
42
74
221
315
122
21
314
205
28
183
294
242
62
90
166
39
133
38
386
445
67
451
125
574
82
63
404
163
646
241
106
31
93
16
20
444
124
42
90
308
12
217
4
90
62
357
178
5
113
84
208
25
47
451
45
492
477
70
107
88
102
260
108
274
124
327
7
189
672
25
260
245
379
374
56
114
446
113
95
333
311
137
139
197
144
363
290
195
13
49
224
284
423
190
360
621
56
107
135
226
0
250
178
195
253
447
35
27
0
183
169
169
224
130
455
39
387
272
216
342
28
73
674
179
214
176
181
326
204
269
304
76
567
178
170
227
156
114
58
51
98
187
42
114
106
435
11
176
125
550
351
381
211
380
54
59
332
523
483
262
251
161
57
386
156
230
120
498
41
323
81
4
56
4
251
19
283
436
10
605
12
371
623
569
140
31
181
273
348
4
274
76
232
88
614
300
107
250
39
409
194
131
212
237
47
2
179
198
109
240
373
152
52
237
355
12
20
346
34
302
557
315
12
180
428
32
119
80
341
238
66
11
321
489
27
387
257
220
277
158
94
15
155
140
509
146
89
89
24
593
147
200
211
76
200
293
453
412
244
93
388
72
70
79
217
265
405
481
85
558
325
123
154
250
107
16
13
131
386
657
450
175
253
377
192
266
484
477
327
255
129
117
217
427
98
149
387
172
114
235
134
41
117
166
18
274
357
64
120
145
295
152
54
186
46
146
295
235
84
126
17
69
275
305
107
30
98
466
252
379
383
89
10
74
73
235
148
411
68
515
93
85
189
305
199
147
144
73
30
89
17
117
2
219
58
237
220
67
277
490
120
437
38
84
217
534
165
218
85
545
103
482
42
306
199
114
321
171
446
265
321
87
580
