769
895836
308485
324124
793842
280078
996914
208169
113431
614920
878335
393640
992289
195233
980055
3563
944944
645730
109784
616034
684064
703434
834916
508358
596751
406751
386615
499217
317858
324687
741204
527978
220522
49688
852101
14363
329765
365366
738883
959547
980286
617217
869538
972574
812449
849592
976137
273744
11673
602272
406129
695736
822057
241044
720446
418807
164146
107060
434375
998355
431746
175578
526332
168619
741617
894784
699333
587733
260150
438215
547279
756787
55431
933169
245712
384231
782760
738200
657974
310785
856823
64103
6520
678880
821498
243317
614038
501996
350376
564765
16702
298473
256694
543034
467091
998311
954169
682775
586043
730670
120989
649674
487456
176419
582842
249520
77001
881953
987719
251327
709089
360894
831781
715609
556125
653278
475277
170162
671625
825653
734926
688327
640477
991620
747712
623920
506282
701880
306694
608676
432550
427683
774701
920005
120453
873894
685876
197454
272199
673595
448780
981287
34488
796912
213247
590612
966541
688524
277125
638166
30528
528403
326492
671004
36374
74203
294923
542655
292434
117969
667682
724983
545651
442383
161340
182455
316276
847215
896260
588474
520809
861391
86113
71648
658302
299359
178611
624843
987882
972088
263008
18409
500490
105851
205765
53215
696405
17039
595869
988838
135007
779902
713821
197009
738636
875160
379464
54912
722374
792075
159737
759535
653466
245849
347534
311767
61560
42497
936609
49441
14584
199616
584202
515073
821818
789966
568287
518222
807004
680507
507060
458363
976760
737232
171723
715396
128743
67538
286659
851116
859613
446395
127002
513078
208596
990888
824844
270155
33384
761453
835947
47967
477420
420148
79391
299238
726465
164029
333811
49821
360887
357222
508183
337646
94453
196257
53041
223195
263795
856051
590663
123407
818798
234016
636484
27393
224903
977679
813899
258286
739131
166197
306252
732903
102697
901994
548492
829161
66022
882302
878981
426908
239524
903515
280906
850328
99772
850298
589875
879918
706349
696889
3324
525146
930904
639807
552538
672159
133837
882788
930444
872968
48984
753048
122222
151680
655041
670713
497193
237415
69366
892525
664322
825241
312392
461579
191921
412163
311877
781795
292080
18225
995035
811755
543370
925938
967913
612259
114448
101749
495046
561244
491068
60381
314291
613289
728413
485683
800353
225605
239449
869719
118129
420123
211311
430520
881701
403231
359034
193577
185025
167465
211801
180059
979219
755170
622349
947131
367428
253148
565232
378825
814391
56299
439206
645033
669588
167618
130716
986292
909574
370164
856010
27702
306638
67321
974574
188339
470551
333607
381915
171928
501072
593716
868338
996642
865237
490686
460125
749017
743834
25356
127841
74576
81654
83398
719609
267593
767367
366676
253885
676940
736839
109894
220994
559829
693566
195567
748167
680469
45525
130081
368748
546596
240148
237085
59590
105385
244123
519714
854401
504308
545069
498593
578883
143074
581991
298491
410667
865709
665166
664551
59001
918357
290796
279994
478185
984362
991912
226351
181182
37436
872783
549929
100384
112931
787013
159973
734667
547487
196038
105419
51794
741106
604011
630677
884179
702353
445519
811197
568062
110685
475747
143414
545393
766543
423407
539929
267256
415318
766279
448437
969105
155413
514717
69488
268343
301729
745812
519361
849216
941849
624779
417361
199306
228790
48037
599837
931142
9908
411033
15555
120592
886780
158968
182336
169674
98726
722264
436929
30395
4894
401717
999500
160306
916433
585339
945001
734513
331151
464361
100080
789351
605492
517441
988657
834281
81829
104845
281774
91736
515877
813681
728679
919008
489000
911014
88681
587726
149629
525609
134472
154522
927325
133971
831180
843757
235662
292532
578270
566812
273244
194701
356162
878735
712141
861170
229367
793970
966014
27493
885705
998243
841173
614384
917250
330172
41749
5931
434249
191378
531539
568721
862251
975216
219043
693430
335324
454704
502313
429945
537867
775557
624646
410381
170643
336786
787902
400010
130755
753916
427502
532812
268510
785026
147195
185759
631549
188943
191689
65798
896672
239580
150870
758923
731147
886264
968704
66470
857320
471017
496415
395186
762925
121060
321918
933567
974197
109820
849928
621304
380087
793781
154115
648596
578806
817661
350706
210355
522955
542395
792504
419627
298326
943373
694901
29472
345988
663604
612293
203307
650972
108707
114845
930248
746118
436762
380167
236667
62933
230094
857970
959371
540227
12084
607966
119032
346096
475024
329386
869050
533770
121889
288676
832095
581613
499928
377918
927601
679884
990210
130907
330855
615269
245751
777455
877738
198865
157621
630756
261797
904066
488725
737520
444292
17160
861837
563324
363255
336860
409061
748657
870629
47302
553684
219075
628914
53612
596992
556514
733495
103554
203773
64349
235174
965875
358155
629263
164739
515775
260019
942888
936193
265095
196759
380484
282255
58595
460159
161861
395455
385572
910517
266083
432873
464201
485158
578138
34164
598501
134652
767658
218406
854776
348358
453579
820650
706513
82842
501741
738639
859212
960980
674831
124306
157738
571667
922912
216332
548177
84773
128138
933748
511641
910573
882972
492193
395730
461110
526356
510582
112113
294013
728988
966888
158723
698918
303889
865235
298111
321981
120225
157322
799312
795056
797980
473401
883074
720891
206085
