831
710537
372947
902613
352032
659108
200579
128332
246004
513506
23427
49214
215831
340128
386843
681039
472607
64765
887625
500301
811919
130702
716075
636157
737488
698854
665636
334042
392849
970254
566687
615680
197142
939633
34644
65526
598741
751574
193857
361096
265079
733635
926661
480909
73762
313504
678300
546368
378268
565924
46668
706538
212977
762742
859047
950464
977948
524682
284506
370796
11287
851192
502827
208429
307176
53822
273954
905916
805395
467810
267012
70474
717796
193672
551382
791557
23527
746033
337925
401794
311957
384592
108332
41285
663686
967378
991749
641633
8411
276254
528780
19697
643797
547959
228125
950972
601780
18430
856888
407175
2591
640251
994000
720386
350274
61733
511943
373801
807766
366219
291946
636074
267162
916629
677358
930847
884006
669106
88831
408768
461711
133963
428465
105507
681921
172941
572831
283700
707723
946070
207226
710313
586320
201225
430699
452945
262958
458993
343097
587075
825211
151395
223148
92372
68023
900505
539571
468381
85963
144753
877148
64025
278715
821964
685884
960635
994905
258714
760687
702627
204783
967912
929291
307454
685489
359989
276750
948446
335333
619847
535520
160543
287593
275019
769267
355615
691875
825189
823995
777837
969941
701143
358214
248656
523106
44097
209290
34362
302810
969976
253340
507592
454240
182631
331397
139728
58971
608146
88173
394304
227992
140044
71198
515584
415062
840464
387551
623288
665652
211545
917477
635593
429039
275690
400600
468497
319786
609889
502858
138947
96217
272550
162890
550456
971532
494286
690183
30502
102431
294707
941157
846775
951102
12355
878710
882515
369170
266260
505802
551174
994157
423278
703118
423195
698967
103717
891691
535104
229957
910901
674050
326173
183450
836939
392980
154981
847576
599514
701834
950007
894220
642991
796781
845321
171697
191842
244187
57218
458102
749989
608391
968610
173266
827860
391804
388585
931576
799847
440040
677885
227099
630442
520409
926900
983732
913389
81880
831308
512902
300065
781314
923474
459407
94446
285146
631103
286287
529333
688321
744388
279321
813063
229349
968938
157275
137505
873874
605202
937351
313914
283086
680801
460707
803495
607700
444438
716883
205931
275745
746136
505995
57058
669609
965402
151503
954755
112856
954142
484087
317528
214881
279759
646943
444230
765048
804217
581734
638922
409418
35436
469187
692504
716236
929893
12350
323935
890682
729232
46217
166427
991719
552211
739836
661328
33964
407691
132434
146820
361832
132872
464347
576712
412630
111289
20941
694029
431857
602674
332950
841275
154461
318488
533778
870696
764732
546127
710982
171766
791710
757198
338192
783428
825761
78027
961107
859724
2069
93540
522895
363900
226411
987242
940612
155392
614882
477904
849421
46739
596930
698722
404365
751390
533562
454494
138438
814645
516972
849419
986410
825033
122969
324601
608460
465081
918980
85919
324804
437400
695810
847699
801300
922221
351292
258263
593964
482525
736166
959736
45615
849447
174810
966331
600837
708371
420824
255626
39367
937795
621396
25777
762827
744364
866729
887639
209444
302060
489909
50600
739460
185718
414650
57111
624290
282293
315373
218254
281169
567890
694341
326784
417337
869150
293114
534525
93872
230290
790150
133239
168084
411545
675367
447263
672261
542095
851253
398056
360507
341161
448655
99966
526878
379656
157076
151168
661948
988800
885773
459469
556689
580113
302604
490377
449263
112069
24901
59486
342358
331402
192724
26794
742947
384442
474056
931559
442889
325308
329614
803395
666468
294621
419712
709697
674276
93139
860864
852576
81938
746636
312044
638626
326749
130999
645355
292363
243067
670255
351848
585425
1657
60924
612218
260955
445365
602625
708865
404605
444284
554830
207999
627103
849450
627710
336799
40078
237200
197663
409005
319137
460650
237400
474115
303750
368398
119469
596112
611464
306075
464312
713240
824083
41587
325457
601389
3303
444433
310253
407908
888716
865083
615906
515818
230884
759968
368969
270961
997167
82983
679965
832656
543632
433716
306770
847382
802113
942590
959845
929929
248664
424156
643168
72747
465742
484977
674135
469045
929409
500740
876952
334477
365822
9209
366646
596705
285528
735614
384018
799047
334948
580334
631702
878580
14050
454823
242313
332514
397412
202157
262442
162427
626313
421962
751525
608406
906938
942012
593802
352698
442751
987105
203526
324924
512666
570172
921628
798193
822137
821997
597239
157085
402331
745292
552016
932732
200114
794328
265245
113877
996484
44039
276304
139148
982352
27828
263906
889289
969839
857707
758338
412589
361164
961864
253864
873829
532035
691844
188373
870523
513840
785612
27607
432522
47255
579622
365253
247369
890301
146850
877597
403137
707240
153900
58636
689591
698080
322541
578879
667918
696600
853568
596859
57763
815431
850722
447943
863817
542565
636315
734340
572757
421926
278298
5278
985533
374272
370531
232901
780924
517380
110497
184060
224619
780749
242696
430561
478828
565236
9439
146745
778187
379358
259955
835949
711141
627029
283891
574957
685945
920206
825648
258701
858483
620298
263979
844015
510921
150861
593267
291844
668240
220116
475904
409210
864
234951
839770
996043
800186
365560
659139
94725
261269
919094
930673
972409
546122
730916
547366
748418
167473
889365
7119
542307
26014
271097
902674
536934
421957
495940
828778
606548
232407
821033
532109
749622
55983
888230
745664
372520
770141
404803
467244
31409
840248
914269
3818
902721
645184
67535
651138
329008
473251
658256
871314
499265
445704
290339
36198
867660
302631
864975
990559
535037
686007
522667
284659
258341
927248
30322
630861
697388
951476
98104
245149
791723
12372
248966
694443
173907
832852
861933
502914
306102
520188
890580
805366
965892
180918
357916
349903
483548
739242
856814
