761
920508
87160
380059
546496
870361
896943
572458
99569
141627
731685
432113
639896
893825
277176
922487
436474
542050
271217
241020
690818
271580
314427
398481
89595
577339
192032
666355
149739
864598
95863
942851
785105
699375
839262
847952
86087
736204
936761
185655
394182
184797
134120
550429
78621
411295
989267
31447
469697
260483
788818
160514
532062
619597
75347
138008
196935
783730
320714
346673
164679
932928
289523
466135
632302
128784
314087
718388
381339
767199
904043
775520
951996
554514
325948
546968
482160
831566
94766
951856
92048
883584
628722
140461
503180
704068
278468
700114
487797
115533
563138
652475
48461
852660
634961
680762
497796
465399
399150
879134
232598
819544
654654
184593
374057
496953
247912
856216
844871
342678
324424
936918
742613
953145
593731
245792
657212
388550
462257
661360
504083
25394
830186
552543
394405
465146
233304
892200
930545
148805
771334
163142
484700
942339
864086
858756
955643
111997
231324
800513
971026
555747
253783
713638
25243
847513
475781
682454
236062
938037
343813
740144
479782
690350
809038
874187
155495
558694
282738
602391
707498
570423
281884
708550
29113
145969
83657
984756
774318
314980
301620
745343
387078
71754
975333
412320
919266
451113
611125
671680
905502
471289
928175
385283
161638
737213
775821
833485
295906
574911
435875
519755
145333
717759
228304
174446
380079
828313
675553
154396
659644
493524
416091
46722
565278
907775
975393
484543
358887
586518
672574
264388
574158
600749
166023
735796
854313
458195
85632
666570
549457
521506
186324
694790
755616
930980
385587
652047
759292
577491
322794
418935
71014
738884
982008
636291
646658
473753
637186
521897
60270
309759
302636
150779
426859
985010
886574
281171
959557
488557
947740
509013
10063
650416
203802
282030
97747
105740
934076
373390
683230
256870
308676
270596
512105
290684
906886
675115
280788
60423
713363
341057
886534
15998
8187
313392
517360
894761
594563
476916
383317
58654
985928
909731
709069
706082
708113
323167
328173
158540
696556
11403
415409
5232
798350
443866
812267
221587
635332
93054
282010
348694
950462
168543
881043
958648
998286
398402
369760
109200
875317
269429
167854
377597
695511
393274
83678
403623
716441
928202
562163
412996
455956
493923
934579
254305
937788
746845
475892
573119
356250
757901
438164
306711
442795
319207
265359
441080
717608
151470
550280
109277
420898
234485
486873
116409
627758
86902
520031
860550
15103
598545
273546
471059
92468
724476
241715
546607
471321
717606
636078
827570
991858
74241
650633
951004
909799
432343
392084
627407
583812
458715
253035
4710
209551
256259
637470
837308
343160
157500
214210
874614
272397
4107
862024
364864
728582
103739
911470
199902
337696
63899
543824
329554
138140
194456
280557
47938
143150
188992
191696
726961
164058
444730
731670
373608
217340
369139
727268
76851
42991
941477
951465
315387
945583
329840
196602
190516
949930
624423
906770
287626
688322
450593
133531
826461
161400
930439
390750
304549
119431
98798
547861
799840
59879
279531
689800
277219
165021
933419
354069
724363
391247
821885
556101
853181
151725
752702
43696
101654
377125
950465
389279
581798
917409
39161
408258
595160
969600
315359
899708
89030
414156
963921
405221
990387
243451
611372
267605
924823
544790
621673
165538
936036
959910
721638
789216
111634
474340
349264
729639
367816
299728
635270
949613
217137
674430
874222
812296
644029
705932
228356
249410
636440
192276
170983
626826
952078
782354
410782
393252
327144
548806
558789
779531
508715
796779
85099
136700
787470
434362
866339
155285
250441
501608
621249
467577
692389
11822
796225
336418
717753
540932
102179
354192
249559
273161
497369
717988
55515
908150
111239
899010
456956
186380
678540
965670
983158
279990
102370
770627
714351
485060
442263
964792
503019
579863
948720
195407
591684
261296
48176
309436
802227
150355
179980
51785
423515
193700
286124
995381
101850
397363
894390
558805
100094
89282
40826
83251
369271
659547
370229
599974
144606
812491
81117
647624
392353
546188
843031
500388
807484
891206
809823
126062
557912
506154
694199
497779
699854
980322
493159
318055
377684
903901
393211
477777
993182
434036
77379
878804
609935
963959
995129
754540
776449
592597
402164
685153
138785
761546
185540
462620
169103
511715
588681
727015
534220
282879
224793
750425
263201
234303
68479
157236
138203
461689
151365
647736
412077
745095
42892
22011
709054
38020
292902
1854
146969
211417
687007
802105
972962
388898
264724
658417
416964
853404
901783
951184
652635
642927
701608
432187
877229
286439
589422
531784
264479
257138
179519
676555
2233
738762
214917
227638
293134
24171
229491
440102
235587
432849
242206
724901
821747
506929
383317
238710
876684
285099
706245
45670
928025
924205
477856
321605
210643
583630
853388
991473
840767
549259
184380
359351
288020
399296
586988
581153
423466
816479
21254
175405
765679
263459
900305
587425
286739
283621
342487
679775
85071
565083
725444
529447
489287
203300
851051
216281
786929
704439
207754
144047
253697
392133
503398
58068
307780
606737
639221
247598
939567
660474
423002
705246
440285
839658
809022
243375
123278
151508
923149
724700
232943
164945
254146
722229
368244
105196
454862
671524
325986
178967
331922
96034
571099
351671
154102
395230
958408
793322
159179
414326
970147
