83 13
23 94 13 97 72 91 33 55 29 89 9 16 34
30 43 10 24 32 74 34 85 3 88 40 91 49
64 54 46 98 19 20 43 83 16 14 73 100 20
2 88 80 17 21 9 11 31 84 43 56 18 27
58 57 19 1 57 34 54 3 31 24 22 25 6
38 91 79 37 10 32 25 90 100 97 50 11 27
34 53 83 3 31 92 11 49 92 68 82 98 22
64 21 43 89 27 32 79 57 21 40 88 45 29
87 41 31 97 20 16 49 2 18 80 93 80 80
37 47 62 34 68 25 6 63 13 32 94 91 88
14 31 27 10 11 14 3 93 62 22 8 11 75
77 42 19 57 21 55 55 82 40 75 59 46 37
71 29 82 14 17 48 96 95 9 58 8 11 51
70 84 58 32 58 87 25 77 43 97 83 49 31
23 23 89 20 11 11 48 45 24 16 44 19 11
52 77 18 15 79 39 50 88 22 60 74 46 36
68 43 70 69 73 92 91 13 11 54 23 11 50
47 26 93 17 36 96 45 6 62 23 44 12 63
66 71 88 63 58 56 5 27 24 29 71 66 41
33 71 64 43 20 62 69 64 30 56 12 27 61
73 1 5 36 63 22 58 51 84 15 58 41 94
81 21 64 98 62 48 69 77 43 40 90 63 4
71 18 67 97 79 39 98 35 75 12 8 32 62
91 99 19 83 44 51 4 59 1 17 6 21 45
48 60 34 10 15 4 28 81 53 58 72 50 92
46 61 51 29 75 41 79 45 76 22 48 31 80
48 47 38 68 91 85 79 76 47 94 31 26 26
83 83 97 84 26 94 97 76 23 23 68 53 67
43 27 14 73 6 13 71 43 32 61 80 11 88
26 56 19 3 81 1 85 78 37 62 71 33 37
45 7 4 50 73 99 76 39 23 33 3 94 28
35 6 7 97 94 84 4 12 86 84 64 22 13
52 83 36 36 19 32 42 74 81 67 24 56 57
47 41 59 92 68 45 97 74 41 42 9 96 53
94 80 69 67 44 72 49 79 8 19 11 1 92
43 67 16 51 23 14 91 82 5 58 78 1 83
71 43 91 66 47 36 45 67 2 41 39 50 71
98 68 33 98 11 76 65 78 26 39 91 16 20
95 25 98 48 7 68 42 97 33 88 32 30 7
85 22 97 34 92 46 53 25 43 15 100 59 93
77 98 83 44 69 78 68 66 25 26 85 18 74
70 57 57 51 63 41 72 11 26 15 56 78 39
99 44 90 9 36 18 6 19 13 75 96 80 92
72 57 29 89 30 98 45 86 100 60 26 23 70
51 37 78 80 28 28 24 17 36 11 87 42 29
99 68 76 31 11 99 87 39 87 69 88 84 54
87 95 32 9 16 34 98 93 66 25 20 41 93
8 51 79 1 80 78 68 55 8 78 54 46 69
92 14 56 27 20 95 73 51 55 89 84 52 33
1 28 5 41 21 12 92 99 12 23 76 79 77
35 8 82 33 28 26 46 36 4 65 82 77 67
36 17 51 40 49 51 67 5 44 87 16 35 38
27 57 65 57 85 100 17 19 84 96 96 29 31
99 46 12 27 12 100 95 14 39 96 17 57 100
60 44 16 46 81 94 54 97 51 90 96 19 8
79 14 3 60 45 54 57 8 32 68 7 27 34
45 22 50 54 21 61 97 88 58 29 82 11 25
84 100 73 54 60 3 67 14 14 63 19 70 71
51 38 77 29 23 74 50 72 79 22 84 75 10
41 55 43 3 31 78 54 55 31 13 10 97 79
23 60 97 93 82 99 82 10 27 4 35 28 27
13 50 62 39 11 54 45 5 56 76 82 9 82
12 74 91 8 4 66 19 52 10 100 51 91 62
29 46 96 57 24 9 6 37 99 68 90 44 72
45 71 53 5 52 64 30 95 23 33 60 42 37
69 93 87 11 54 15 8 2 23 31 62 80 67
60 47 8 55 70 52 25 22 8 29 37 38 23
60 22 34 53 58 54 45 96 64 51 63 71 4
37 53 17 17 71 76 15 78 83 85 81 7 6
88 87 95 77 61 54 51 94 6 60 47 2 8
62 4 22 84 7 58 36 23 74 58 51 89 87
85 25 67 43 30 7 30 76 35 90 29 37 36
86 97 34 40 56 48 43 77 31 2 34 19 76
60 28 78 100 15 62 24 81 5 5 39 86 81
74 27 61 10 14 47 58 48 86 65 95 80 41
77 81 27 47 9 86 75 86 85 89 100 60 21
56 64 60 41 44 85 19 5 94 33 3 4 80
40 68 26 19 61 54 52 87 1 60 24 75 97
60 63 96 19 83 3 82 94 43 78 78 62 34
24 94 36 27 25 27 46 2 45 6 7 48 44
7 59 67 33 56 26 95 3 96 30 6 30 23
100 7 1 13 92 76 58 79 2 34 5 99 35
1 5 42 49 48 100 7 67 33 14 92 79 69
