50 6
9 56 40 53 45 56
48 10 60 42 77 23
80 20 62 68 45 59
85 98 32 35 47 1
31 70 32 45 17 33
51 78 88 90 30 85
97 77 94 56 71 22
30 2 41 44 69 38
2 53 35 86 39 81
86 22 3 69 66 19
54 68 96 93 9 77
77 5 6 22 12 28
43 94 29 36 37 49
73 38 53 59 75 44
92 13 65 94 33 82
64 86 50 60 79 10
88 55 67 93 29 78
20 71 71 100 58 59
100 30 49 5 89 23
48 32 87 12 25 20
45 40 57 46 99 35
56 87 42 22 31 70
51 3 92 74 2 50
32 54 31 80 58 19
55 5 2 41 68 26
12 12 18 69 58 16
55 65 54 96 38 85
17 88 39 9 13 40
58 97 93 88 28 2
59 82 6 12 75 73
90 38 37 7 6 94
22 61 10 28 8 47
64 25 86 2 85 51
93 94 47 38 33 74
39 43 8 45 55 34
69 44 71 57 50 29
2 23 41 11 50 48
9 65 24 95 66 60
45 11 53 43 48 38
68 86 80 75 82 34
60 3 77 31 59 78
59 61 1 99 23 2
98 32 67 74 26 84
33 22 94 38 64 41
75 83 79 54 58 60
40 17 14 68 99 25
46 9 85 98 59 7
99 57 38 17 82 15
1 14 88 94 3 3
35 77 86 65 83 95
