29 99
82 17 52 98 9 54 23 96 58 92 2 98 6 69 66 79 68 32 55 27 98 88 88 87 25 1 63 18 44 92 69 77 60 20 75 20 73 97 15 83 88 68 80 93 36 98 23 55 29 29 82 78 16 21 16 92 21 78 62 16 21 30 93 80 1 19 51 25 15 65 7 54 84 87 98 20 36 20 26 64 100 59 93 67 80 8 10 100 85 23 68 58 52 12 89 4 30 40 29
96 4 87 49 88 25 46 59 60 17 36 75 68 95 67 86 74 74 95 25 11 70 44 68 21 55 56 77 36 95 57 31 51 43 31 90 20 28 48 31 44 83 6 63 77 24 48 2 50 95 27 60 64 70 79 36 77 34 12 12 81 20 95 31 15 77 20 34 5 19 64 100 1 21 63 30 45 62 31 94 56 9 5 19 79 83 7 7 16 70 70 96 90 64 78 4 93 97 37
97 67 52 96 68 73 10 49 69 72 31 62 79 40 18 98 70 100 56 76 67 25 45 63 14 61 92 69 53 41 5 49 7 9 96 74 33 6 74 1 29 5 14 7 96 31 56 65 82 11 92 48 36 36 62 1 48 54 70 100 94 26 100 100 86 48 26 18 53 51 18 33 55 83 39 2 65 47 66 46 57 57 94 44 45 55 97 92 60 18 44 53 43 43 5 29 90 82 98
94 32 68 78 39 50 17 40 15 15 58 60 71 66 5 67 10 12 15 54 71 32 97 76 26 91 32 6 81 13 4 26 96 71 4 86 20 72 78 86 86 35 98 8 52 54 74 62 65 88 67 36 71 63 11 97 53 42 2 85 6 5 63 53 75 66 39 47 37 68 84 74 54 33 81 5 87 7 18 51 46 84 86 17 98 48 13 3 41 66 87 46 71 49 99 97 66 89 95
54 56 31 27 9 63 8 65 49 14 83 100 59 66 37 75 16 85 39 18 25 5 56 71 27 57 21 23 22 9 70 28 16 100 54 76 62 61 40 11 74 22 62 85 40 98 59 55 82 50 24 59 54 79 29 32 35 1 54 9 61 75 36 28 74 89 3 88 2 42 50 27 16 11 11 55 8 22 61 42 23 84 100 76 62 80 59 49 80 12 9 92 39 44 19 64 84 21 51
37 14 100 64 29 62 26 83 22 99 43 63 21 26 62 48 40 41 6 88 72 70 48 63 8 91 33 71 26 5 74 15 18 25 30 47 87 55 81 8 6 76 22 78 53 83 26 92 75 83 31 98 4 78 12 11 20 44 34 98 48 59 12 17 83 41 15 21 47 96 80 4 23 1 82 75 35 59 67 9 93 49 58 97 79 69 59 98 12 92 95 11 2 58 28 37 50 42 57
49 89 89 4 11 41 85 86 76 95 4 36 88 4 94 84 82 62 42 80 26 86 26 36 87 36 63 23 85 57 32 85 45 72 89 56 12 25 93 87 20 48 75 7 51 20 90 33 81 83 64 6 68 89 94 7 76 8 29 13 64 12 97 61 83 37 68 47 62 60 85 33 59 59 39 9 30 80 41 11 62 56 68 82 45 13 88 72 21 68 84 84 80 81 96 14 69 63 12
30 74 97 14 32 7 52 41 37 83 33 99 97 89 18 78 85 31 65 56 51 84 40 86 15 72 82 29 40 96 92 22 70 88 87 1 47 91 93 83 73 78 81 69 18 98 98 2 28 14 9 30 98 100 16 12 71 49 92 63 44 84 36 65 23 74 18 69 64 10 51 37 39 83 57 56 33 55 9 12 68 18 42 65 17 9 29 40 9 20 54 52 3 41 69 78 14 86 46
78 47 49 14 86 31 22 41 15 76 50 27 96 19 68 12 35 28 40 26 36 12 79 39 14 71 7 91 85 44 89 62 91 37 27 76 19 48 68 34 76 69 60 71 87 79 34 74 6 74 99 93 85 30 31 50 100 90 93 84 33 81 97 75 69 23 50 87 23 70 20 98 38 79 20 25 9 53 98 14 78 48 58 14 29 41 16 29 30 60 64 14 92 13 89 60 87 90 46
9 59 18 58 97 48 29 73 57 34 22 22 11 21 80 77 50 20 44 78 1 3 93 66 94 5 54 5 92 96 2 52 54 19 10 2 67 38 26 75 71 47 96 34 68 75 62 17 46 5 46 46 59 90 64 52 95 17 8 38 64 9 89 70 80 98 23 98 88 49 72 10 95 19 95 14 46 56 82 91 12 27 89 70 69 52 73 63 20 32 52 84 41 40 5 20 90 27 69
29 75 40 38 22 58 33 35 3 40 17 46 4 95 86 25 15 37 50 77 8 81 28 43 73 20 47 44 9 74 12 37 48 3 26 21 61 10 56 15 2 24 12 57 70 97 81 85 85 82 13 93 15 93 35 87 64 34 31 72 7 94 60 6 97 37 79 9 99 34 23 100 9 87 56 30 83 88 66 68 70 31 60 84 23 46 22 86 31 4 9 37 98 20 95 94 8 73 54
6 58 28 5 18 14 12 99 97 100 65 64 21 47 75 56 69 72 77 6 3 81 66 91 30 37 37 75 44 9 28 2 18 55 58 87 69 70 86 65 21 2 80 93 48 6 48 68 77 24 73 31 56 90 22 85 26 58 59 21 19 86 22 88 41 80 75 61 1 60 25 73 61 56 65 60 61 12 27 89 87 51 72 43 40 93 27 17 2 86 37 72 71 11 60 63 42 86 23
94 45 99 66 57 54 30 16 66 93 94 7 79 44 78 21 83 22 48 51 23 85 87 47 55 49 58 70 42 43 92 35 39 91 52 95 96 33 62 14 25 7 20 4 50 97 76 84 18 23 34 92 59 72 38 14 21 95 35 14 37 78 49 75 68 52 21 16 85 34 29 9 40 48 64 89 96 40 72 13 14 57 4 73 29 94 38 1 88 72 14 77 49 14 3 69 66 76 36
50 9 64 10 49 63 74 89 58 65 13 22 78 69 25 2 97 70 39 97 58 62 63 86 63 76 40 83 41 15 18 42 24 33 52 24 95 77 64 4 41 76 25 70 97 1 72 45 71 62 94 80 24 56 65 86 31 4 68 24 71 37 17 94 69 68 69 15 96 32 18 36 8 94 58 56 94 29 100 64 90 45 43 65 100 59 2 83 15 21 58 85 57 74 30 25 94 98 39
89 29 8 77 88 1 34 43 95 14 95 10 3 39 53 20 91 63 21 73 77 42 30 13 98 55 42 75 48 39 65 37 68 73 65 55 25 98 50 19 11 96 81 65 34 33 84 24 47 57 48 24 50 77 88 47 84 30 73 31 20 38 19 87 62 83 94 86 32 95 57 42 90 37 59 23 21 94 99 67 50 46 42 51 75 30 98 58 11 22 40 30 59 59 69 72 41 62 58
73 8 14 66 97 2 24 71 22 70 21 88 71 67 82 22 93 11 71 50 73 92 89 2 3 99 70 74 40 83 31 64 90 96 29 38 97 5 9 70 26 29 58 96 47 91 17 39 53 87 40 25 79 81 26 81 79 48 6 70 30 37 85 72 84 66 9 81 70 69 50 95 98 59 42 96 1 59 35 53 97 26 77 27 58 55 59 89 2 65 10 83 1 95 54 84 60 15 16
81 83 18 27 32 28 68 28 29 26 14 81 75 91 58 1 49 64 60 37 65 76 98 47 76 92 53 11 3 67 79 83 1 96 9 33 75 29 60 3 54 73 36 80 63 45 81 63 8 92 51 72 67 49 70 94 92 22 56 95 40 34 77 41 81 38 25 56 66 84 10 71 8 45 51 22 89 83 37 96 74 87 19 92 87 89 37 79 62 92 73 54 78 1 46 58 90 70 65
55 5 27 78 64 71 28 85 12 62 73 59 87 60 78 78 98 66 14 76 79 57 100 32 34 1 77 44 90 98 8 97 2 86 74 65 57 53 2 20 14 74 78 100 85 7 29 83 24 94 10 3 50 10 86 84 62 15 79 51 12 38 99 14 24 72 30 32 24 31 51 89 57 80 88 93 87 68 27 10 61 37 12 11 98 50 46 59 64 24 61 75 61 60 40 36 83 70 67
7 52 17 47 60 97 35 53 35 2 79 44 15 67 8 77 64 57 22 74 20 97 35 46 9 46 86 45 28 7 11 86 10 80 33 70 28 19 74 62 72 4 5 86 71 12 62 86 20 35 60 39 83 46 85 92 91 22 88 70 28 50 56 89 29 88 10 8 58 83 69 29 87 26 15 9 89 28 46 9 63 57 99 45 2 35 88 44 56 75 14 35 25 69 24 5 8 33 65
65 68 85 93 6 62 59 66 51 87 11 11 1 68 61 45 21 96 33 17 51 59 30 38 83 50 13 40 9 45 56 73 64 40 17 69 2 28 86 4 14 97 66 14 16 26 10 88 21 42 4 24 1 85 61 35 34 73 26 42 69 81 66 33 73 35 53 74 62 39 29 27 87 94 92 54 19 1 41 92 95 97 15 47 81 27 33 15 51 11 8 19 91 74 3 15 8 8 88
69 98 68 47 84 61 38 89 32 90 29 23 84 77 89 82 58 67 15 24 17 25 31 87 67 4 42 82 63 49 21 83 98 89 29 33 49 66 21 32 56 1 54 91 78 94 73 35 60 39 10 28 63 40 15 81 96 56 62 58 56 35 41 53 23 69 85 23 87 57 55 94 57 60 84 86 6 8 20 17 46 81 45 60 21 11 41 16 18 54 73 73 88 65 77 62 34 13 85
20 21 91 65 77 50 48 63 55 8 34 72 5 15 68 65 35 78 57 2 95 62 26 19 2 91 47 63 24 59 47 95 79 37 59 7 39 58 21 93 17 55 16 22 21 83 38 7 60 46 8 6 7 33 24 8 23 70 71 98 80 69 44 10 6 54 17 96 64 37 40 80 43 56 53 63 90 90 21 2 35 80 7 94 13 83 1 87 52 23 37 84 92 80 93 49 34 61 44
97 98 83 28 92 90 81 7 80 70 27 33 57 7 91 50 71 73 50 9 77 73 45 60 16 77 4 64 62 65 59 10 14 93 37 5 83 17 63 14 39 90 46 95 48 36 44 70 61 45 30 37 69 27 48 36 3 51 51 64 15 9 25 28 54 61 85 36 30 47 1 68 88 98 14 87 85 9 8 45 53 38 33 74 64 80 9 18 83 12 81 49 20 57 29 73 17 13 60
46 11 12 65 51 9 78 37 94 86 97 90 91 34 23 16 97 54 76 14 36 87 46 85 59 2 13 83 70 77 43 68 39 54 32 89 15 62 78 8 99 74 97 41 59 71 56 55 77 32 20 64 70 17 48 28 18 12 11 39 40 5 6 79 10 90 19 24 51 96 83 49 21 80 90 79 2 97 85 78 80 4 42 50 20 41 29 89 5 91 80 44 95 85 74 5 74 93 80
24 40 63 25 13 94 66 91 95 62 76 25 42 31 18 91 3 10 71 43 66 62 22 62 56 7 35 12 32 79 44 8 19 6 32 31 99 97 73 45 10 100 21 51 31 90 93 85 100 64 27 17 25 1 78 32 59 13 96 90 91 39 49 61 44 32 91 42 80 64 38 90 15 59 40 97 100 33 81 51 96 60 68 72 60 45 3 18 57 98 59 100 36 8 60 31 91 3 24
71 18 62 60 32 72 51 29 71 35 61 22 82 20 89 53 31 85 8 100 42 5 59 93 93 18 52 23 8 6 47 78 23 8 89 7 31 40 35 1 74 95 74 56 67 14 60 97 99 67 97 92 72 7 84 16 76 87 38 83 93 36 13 67 95 53 73 25 44 59 78 18 6 51 25 24 17 84 20 15 3 68 58 26 74 41 41 49 79 30 84 23 66 48 90 60 100 14 85
44 25 62 13 82 64 89 5 32 24 76 98 26 44 55 51 69 47 91 70 26 21 5 100 38 52 41 97 3 55 81 98 31 94 10 12 10 50 68 41 74 43 39 99 38 93 2 59 40 44 80 17 16 84 16 53 87 9 50 41 15 82 39 45 76 100 8 85 50 75 77 23 69 15 73 59 60 74 17 51 70 96 67 85 31 34 38 69 42 87 9 56 20 99 52 95 99 59 31
100 85 8 74 6 74 46 64 33 72 32 83 93 79 1 77 9 87 14 29 80 52 89 88 72 88 39 18 38 50 1 37 86 60 10 91 33 7 54 18 30 85 52 22 15 5 99 23 91 64 3 22 68 92 9 91 79 100 8 68 49 60 4 34 19 65 77 4 23 30 21 53 67 24 26 81 28 76 56 70 40 10 92 59 1 100 49 31 99 56 98 99 68 53 85 86 69 61 89
92 42 9 96 8 33 21 41 12 49 48 82 88 57 73 46 58 24 46 40 75 53 90 73 20 42 57 6 63 17 94 54 59 55 1 18 39 73 10 50 21 57 83 8 66 55 5 23 79 50 14 5 55 3 77 74 97 86 79 59 54 25 12 64 79 64 34 69 36 43 70 57 52 53 16 17 7 73 91 37 74 4 41 28 7 70 2 55 55 80 13 8 56 76 24 86 39 57 54
