21 45
76 59 24 53 30 82 13 28 43 61 1 42 7 35 75 99 98 38 47 90 45 15 60 46 7 46 82 63 89 3 7 64 13 30 68 94 64 80 21 58 41 22 100 99 8
74 98 58 64 96 47 60 62 58 57 68 3 39 82 92 93 88 7 57 69 75 51 32 6 23 90 46 96 41 97 4 66 46 13 29 93 59 88 54 16 97 73 71 35 54
14 79 41 20 35 61 46 37 93 52 60 34 49 55 74 97 10 39 42 22 20 34 32 59 39 100 55 11 70 41 64 83 19 56 54 6 17 52 42 61 55 53 46 55 60
71 52 21 9 45 43 80 79 26 39 17 25 93 80 46 34 43 28 4 51 34 9 19 37 3 31 91 7 76 45 66 46 48 39 6 93 81 86 23 58 76 91 83 20 70
28 5 65 8 9 15 93 69 85 29 71 15 19 30 90 15 47 35 63 85 92 7 17 77 29 75 4 71 57 24 41 36 28 5 43 88 71 35 57 55 63 79 69 33 8
10 48 55 44 62 91 87 20 8 16 100 34 19 70 90 42 10 25 22 66 20 9 88 6 17 42 69 96 62 53 55 71 52 61 66 65 52 53 84 11 68 83 44 38 5
33 32 14 9 53 32 80 13 19 86 30 13 6 25 74 58 79 45 10 92 62 74 43 14 10 53 33 92 96 71 96 80 2 62 40 6 45 72 18 63 57 99 75 62 23
1 71 54 97 80 97 58 6 39 24 15 43 8 58 90 30 6 21 31 19 12 88 63 83 6 77 91 4 4 52 79 4 75 84 52 6 80 61 11 70 84 77 12 44 87
53 73 44 73 56 62 84 43 76 67 100 4 57 56 7 61 86 62 35 21 13 92 52 74 55 21 9 31 84 52 69 36 77 64 8 32 77 43 74 52 61 74 8 18 81
14 30 66 28 16 86 92 7 37 17 61 9 78 44 92 81 64 27 57 28 86 88 4 80 14 8 41 39 15 10 19 80 39 36 7 6 21 51 64 9 67 77 17 44 72
8 25 35 86 81 14 23 21 18 2 86 77 42 24 91 51 94 22 41 29 29 46 49 31 10 57 97 38 25 93 9 32 17 43 69 49 9 91 21 26 92 6 54 86 81
44 88 74 65 29 2 45 26 2 27 87 10 24 24 34 68 32 65 36 27 85 36 35 75 57 12 19 14 65 4 95 60 91 20 76 71 22 73 97 75 99 83 85 74 59
70 41 90 87 76 68 71 12 2 46 20 65 16 33 29 19 79 88 61 99 16 32 72 88 80 46 86 62 82 12 20 52 52 62 38 80 29 8 43 83 5 62 47 20 46
76 90 25 15 51 75 30 34 46 69 13 43 7 26 77 18 98 28 21 11 17 100 39 76 42 73 33 55 20 52 1 47 94 77 13 44 3 95 29 100 63 93 42 21 70
70 90 67 49 11 29 65 62 20 93 56 92 25 10 63 28 62 9 21 90 22 16 92 68 44 91 82 88 85 3 58 6 92 76 55 54 5 71 16 24 63 23 15 39 32
78 67 46 38 87 87 11 55 79 78 98 21 60 38 57 14 95 63 5 70 17 59 74 39 26 49 2 48 64 40 31 93 58 28 30 97 15 41 51 45 70 100 17 81 37
74 94 31 88 51 53 56 61 78 94 86 27 47 85 90 39 15 34 96 43 63 44 9 55 94 53 25 94 69 5 82 94 51 65 33 1 17 88 61 94 34 46 20 80 30
61 18 96 94 66 90 9 9 98 15 55 2 91 100 23 96 81 68 98 45 1 98 13 40 58 7 73 55 78 53 36 39 22 31 84 39 73 44 48 70 59 54 72 49 53
46 96 85 13 93 30 13 42 42 53 99 100 77 5 78 29 40 68 3 23 3 41 95 47 40 16 57 93 39 57 97 84 53 82 97 97 63 61 39 56 65 89 56 42 94
85 22 85 4 24 59 6 17 5 4 56 21 12 1 11 69 97 47 73 78 95 69 40 55 59 96 20 48 3 13 41 87 34 77 90 58 36 47 74 40 3 81 12 14 81
75 34 78 21 6 7 15 27 47 21 85 94 92 32 96 4 24 34 38 1 23 47 88 21 72 79 23 52 43 89 33 17 22 62 89 80 68 3 6 66 75 90 59 67 22
