57 4
62 39 25 24
15 82 86 60
9 35 46 54
8 68 81 64
41 57 93 75
85 78 48 4
32 30 12 64
82 68 67 43
59 43 19 73
24 4 84 32
38 81 86 97
48 18 60 41
26 5 15 11
82 63 66 14
44 77 29 25
96 47 20 54
89 38 78 64
93 61 48 30
42 85 26 89
2 37 29 28
41 96 90 75
58 7 88 1
83 68 77 30
14 96 36 54
85 65 17 77
26 16 58 19
100 35 59 2
72 40 81 64
87 22 38 44
28 77 96 62
96 24 91 9
20 78 14 56
43 83 85 20
98 42 90 98
77 48 51 100
39 83 15 25
4 5 20 83
33 15 44 29
39 86 37 10
64 3 17 6
85 1 77 82
95 66 31 23
13 81 74 4
63 88 28 18
44 48 100 77
14 43 5 4
29 93 13 44
95 82 1 79
82 77 13 28
42 43 50 6
24 23 61 38
11 89 56 54
88 7 82 1
50 86 5 30
79 69 25 25
2 25 4 36
53 68 63 46
