67 6
99 59 49 27 55 48
53 58 35 28 89 55
59 76 99 83 80 48
48 57 18 8 55 2
94 89 3 45 59 69
2 58 79 50 36 33
49 40 90 83 20 30
89 78 57 88 13 37
87 60 45 4 19 99
58 64 39 60 8 98
80 61 7 58 62 42
90 10 34 32 44 53
13 33 30 70 20 42
58 6 53 54 62 23
52 19 86 43 30 45
40 9 5 46 18 66
39 7 27 72 90 71
76 3 55 6 24 26
99 33 83 4 86 96
26 89 66 64 31 95
8 22 55 65 19 72
30 10 31 9 81 20
31 9 74 85 14 49
62 64 33 96 19 18
92 97 59 57 60 41
4 19 63 58 35 33
30 65 42 12 25 75
31 55 83 57 91 48
57 4 63 90 99 82
7 90 78 17 47 89
58 50 7 72 59 42
56 40 58 98 51 82
24 34 88 6 90 78
5 98 81 67 87 79
48 46 21 25 62 19
65 71 20 72 94 78
65 50 18 74 99 20
55 22 53 94 27 94
23 83 92 3 49 78
33 97 23 5 73 37
23 38 7 94 61 1
72 77 2 41 50 100
60 56 73 65 49 51
58 71 33 49 25 81
27 9 29 1 66 54
37 88 43 44 34 55
96 5 31 49 97 80
100 8 35 72 72 35
22 30 57 54 30 81
86 8 41 15 9 6
20 45 46 62 40 79
68 87 35 98 35 83
29 86 90 15 57 14
49 78 95 5 83 24
37 21 32 29 87 92
87 6 88 32 19 28
62 86 66 96 35 53
78 63 38 19 77 95
32 25 24 26 81 59
2 69 79 85 49 65
76 35 70 63 66 40
42 27 25 60 74 59
12 3 21 49 22 49
43 5 25 19 83 5
77 84 25 55 20 73
71 47 60 40 61 25
79 3 4 55 62 29
