56 4
1 51 98 26
13 22 80 29
51 40 66 78
22 89 85 33
61 37 59 30
14 62 36 21
28 23 20 8
99 75 63 99
26 13 77 90
34 56 18 84
95 36 61 69
24 98 53 84
86 11 13 52
72 48 24 99
23 43 59 21
18 73 71 95
85 47 84 19
2 53 54 49
88 67 69 12
16 21 47 1
31 60 4 54
59 28 5 81
22 15 1 91
87 72 37 24
70 72 94 72
25 47 72 64
13 92 27 80
12 74 81 94
85 36 99 43
15 55 24 37
69 76 79 8
99 16 83 69
87 76 92 63
74 15 27 39
6 5 18 17
30 50 62 14
86 60 9 100
15 84 88 35
59 67 42 10
82 76 78 68
51 21 83 77
35 9 15 40
65 32 8 95
34 69 60 19
80 68 70 94
51 58 29 62
24 22 71 57
98 100 76 100
20 58 76 54
18 42 45 83
26 52 29 59
20 88 77 99
56 46 45 58
55 25 19 30
98 41 86 47
92 14 47 11
