25 62
24 17 48 62 40 35 77 62 61 83 51 1 28 6 16 2 73 65 68 42 63 62 44 81 11 20 36 31 83 12 92 58 28 91 19 19 25 47 32 38 82 82 90 9 88 5 62 12 69 29 5 83 91 100 63 53 20 98 84 2 9 75
11 88 18 30 59 42 28 90 31 9 72 21 69 11 25 31 74 46 11 79 28 53 78 91 6 49 40 89 2 1 15 13 88 32 94 98 26 21 88 56 82 11 28 50 73 53 32 46 50 95 76 77 47 6 19 4 54 59 44 56 59 59
68 98 42 61 96 19 33 83 75 14 45 2 16 17 6 99 14 7 93 90 84 92 95 2 47 100 12 91 55 70 1 74 68 42 86 63 61 19 97 87 84 41 40 51 57 98 50 70 4 94 59 39 85 5 93 32 57 4 74 11 74 74
37 41 67 22 55 79 92 51 17 28 91 9 78 99 6 27 68 61 21 79 100 57 35 92 40 91 47 13 54 20 38 90 12 57 63 18 35 7 20 4 34 10 12 11 60 17 90 80 29 62 58 28 70 44 71 10 35 70 74 40 41 64
29 5 20 43 22 6 49 42 61 34 3 72 97 63 40 86 42 69 99 51 96 68 46 19 29 80 88 55 71 28 18 51 32 89 94 6 46 94 47 7 28 1 78 76 15 70 61 8 38 11 10 85 30 56 3 59 87 42 13 58 22 82
8 5 22 53 10 19 47 8 25 26 9 55 1 75 24 13 83 13 75 92 97 4 99 52 62 86 93 26 43 66 59 2 71 32 55 80 51 53 40 27 30 100 81 30 74 56 94 8 68 68 52 17 71 50 68 85 35 12 62 77 78 21
79 100 52 85 31 2 37 70 29 66 69 61 47 95 69 92 2 88 11 53 4 81 55 71 17 89 83 79 18 12 99 48 11 2 32 41 4 20 63 84 85 31 96 83 25 64 74 79 52 36 83 55 16 37 78 85 26 12 63 95 23 61
42 85 62 73 77 17 44 39 52 80 22 48 62 98 63 87 76 14 22 11 21 89 47 50 73 24 61 35 18 35 47 59 71 61 83 47 29 26 38 81 5 59 80 18 56 42 56 84 56 77 94 28 18 40 77 90 16 89 77 33 75 23
44 45 35 78 43 64 4 80 44 60 90 75 30 46 16 85 29 23 62 74 50 79 65 78 20 80 18 96 65 92 71 60 88 5 37 83 20 92 62 15 4 52 89 33 49 5 17 29 27 78 2 29 8 18 58 80 98 76 75 14 19 97
73 7 54 9 41 73 53 2 88 56 5 28 88 5 32 4 85 11 34 38 39 93 56 96 72 5 23 99 18 42 95 90 100 48 50 40 21 2 93 60 57 50 87 44 54 71 100 91 81 33 28 19 25 83 66 97 87 89 95 56 30 41
97 81 89 47 72 61 100 64 72 57 65 10 52 19 80 51 9 60 83 88 30 60 71 96 8 9 84 54 65 65 94 61 97 34 59 68 46 59 83 69 67 48 79 18 18 58 21 78 70 55 65 51 14 87 46 21 96 81 26 12 97 20
24 93 5 83 12 51 93 95 19 59 42 49 28 11 59 48 88 80 55 4 30 68 91 76 41 86 8 66 49 5 37 72 49 42 6 61 44 50 55 14 60 48 63 88 10 73 87 97 52 41 100 81 61 90 56 1 27 64 18 27 20 7
99 68 48 56 28 43 6 34 56 65 33 70 4 42 42 43 38 93 35 90 74 95 31 81 47 10 96 65 36 15 71 86 35 70 42 62 64 99 48 19 63 80 41 19 22 82 61 11 27 47 52 52 42 83 32 88 44 80 4 79 46 26
65 80 47 6 42 10 4 41 81 18 20 21 88 93 54 100 56 32 47 7 83 88 41 67 27 84 46 83 15 91 8 79 71 7 36 64 16 91 4 48 60 75 20 48 68 26 99 23 57 97 81 92 36 22 58 63 57 55 45 71 97 4
1 19 62 36 82 78 26 37 77 38 12 97 37 31 22 35 53 30 32 33 21 67 6 30 81 63 36 77 33 33 33 34 51 94 21 85 23 99 73 100 36 84 48 24 14 21 10 18 50 93 51 23 12 8 4 92 70 92 21 55 24 53
40 26 46 12 62 21 10 35 20 97 18 19 20 84 39 30 1 40 22 3 14 33 11 70 77 32 61 97 38 36 1 77 61 98 89 23 18 50 57 89 47 26 7 18 9 97 99 62 37 21 16 2 5 78 71 33 10 83 81 47 18 81
76 31 31 64 53 48 13 61 37 11 38 95 29 99 92 27 60 80 99 27 33 56 5 56 40 14 38 21 12 56 53 87 38 83 2 42 83 67 2 19 77 91 65 57 89 8 84 100 87 34 27 20 89 31 75 81 96 64 1 59 71 5
98 8 88 99 49 70 17 2 40 94 93 56 50 81 64 85 81 2 71 59 21 59 41 47 39 88 63 91 46 33 96 43 41 35 94 41 56 10 43 47 55 35 2 57 67 65 93 99 67 63 57 39 74 49 38 64 36 52 55 34 84 2
28 76 88 21 17 43 83 11 41 89 45 42 45 63 59 90 62 77 52 70 67 25 71 56 89 6 7 95 39 91 48 67 18 35 39 86 77 73 96 17 62 92 10 58 55 68 47 68 96 99 89 63 75 59 18 15 17 77 9 7 19 56
25 36 90 64 74 18 36 69 86 49 61 48 7 67 67 53 86 63 51 26 77 78 37 46 92 5 22 53 11 40 8 36 28 50 51 1 19 38 21 57 87 33 4 93 51 70 45 36 84 48 14 60 25 2 58 68 6 79 20 68 71 28
55 50 29 5 50 99 43 70 55 29 3 10 21 5 32 17 93 15 16 6 27 40 59 36 8 64 14 79 83 36 58 38 85 86 42 86 37 84 8 43 64 62 53 36 66 36 5 58 2 20 15 28 60 73 15 19 88 81 97 71 16 55
8 53 92 49 38 80 85 97 23 100 58 75 36 76 10 40 33 63 59 100 91 70 72 5 40 60 85 89 30 53 95 37 5 38 37 94 18 73 43 40 25 100 66 60 27 27 51 12 89 61 11 31 83 82 88 74 41 24 62 22 28 8
10 32 98 99 78 15 71 20 6 95 71 71 6 50 49 8 61 89 21 71 20 3 52 59 28 45 82 90 66 10 49 28 93 46 26 22 12 48 93 17 95 16 39 52 65 39 60 25 28 32 95 47 34 98 57 61 42 38 2 60 99 3
39 44 48 64 65 12 63 10 28 57 25 19 9 89 57 20 65 84 51 59 82 36 8 38 48 2 28 2 13 26 4 51 21 3 66 86 14 28 95 94 37 71 12 45 59 68 16 23 52 18 33 33 5 92 71 52 93 50 53 5 27 8
7 48 11 72 33 76 100 79 69 36 49 32 32 59 100 99 33 51 16 17 35 72 8 57 23 53 6 28 9 33 35 16 80 97 87 64 25 38 94 45 73 94 77 56 52 76 6 36 78 21 52 12 92 11 21 67 63 26 94 72 10 80
